3 20 1 19 5 220 161 -1 -1 -1 -1 
3 20 2 8 13 148 246 -1 -1 -1 -1 
4 20 1 17 5 232 168 -1 -1 -1 -1 
4 20 2 5 15 167 262 -1 -1 -1 -1 
5 19 1 89 7 158 172 -1 -1 -1 -1 
5 19 2 10 27 167 257 -1 -1 -1 -1 
6 19 1 18 7 230 173 -1 -1 -1 -1 
6 19 2 9 27 181 279 -1 -1 -1 -1 
7 19 1 16 6 227 173 -1 -1 -1 -1 
7 19 3 9 25 169 262 -1 -1 -1 -1 
8 19 1 86 7 151 163 -1 -1 -1 -1 
8 19 3 12 21 164 256 -1 -1 -1 -1 
9 20 1 56 7 183 158 -1 -1 -1 -1 
9 20 3 11 21 174 252 -1 -1 -1 -1 
10 20 1 86 7 143 161 -1 -1 -1 -1 
10 20 3 11 22 169 254 -1 -1 -1 -1 
11 0 1 89 4 135 178 -1 -1 -1 -1 
11 20 3 7 24 183 262 -1 -1 -1 -1 
12 19 1 13 12 221 130 -1 -1 -1 -1 
12 19 3 9 57 203 251 -1 -1 -1 -1 
13 19 1 11 17 170 92 -1 -1 -1 -1 
13 19 3 12 78 186 245 -1 -1 -1 -1 
14 19 1 23 31 131 87 -1 -1 -1 -1 
14 19 3 16 94 167 248 -1 -1 -1 -1 
15 19 1 19 35 128 78 -1 -1 -1 -1 
16 19 3 16 108 115 264 -1 -1 -1 -1 
17 19 3 14 115 113 267 -1 -1 -1 -1 
26 19 12 10 229 64 127 -1 -1 -1 -1 
27 19 12 7 226 88 129 -1 -1 -1 -1 
28 19 12 11 227 115 249 -1 -1 -1 -1 
29 19 12 10 230 145 249 -1 -1 -1 -1 
30 19 12 12 226 175 264 -1 -1 -1 -1 
31 19 12 10 218 215 266 -1 -1 -1 -1 
32 19 12 12 216 252 262 -1 -1 -1 -1 
33 19 12 12 217 297 257 -1 -1 -1 -1 
34 19 12 13 220 330 256 -1 -1 -1 -1 
35 19 12 12 222 364 257 -1 -1 -1 -1 
36 19 12 12 222 396 266 -1 -1 -1 -1 
37 19 12 12 221 424 283 -1 -1 -1 -1 
37 19 17 13 193 77 32 -1 -1 -1 -1 
38 19 12 13 223 449 301 -1 -1 -1 -1 
38 19 17 15 188 84 42 -1 -1 -1 -1 
39 19 12 14 232 468 310 -1 -1 -1 -1 
39 19 17 12 195 92 48 -1 -1 -1 -1 
40 19 12 27 238 476 307 -1 -1 -1 -1 
40 19 17 13 201 62 47 -1 -1 -1 -1 
41 19 12 61 245 456 303 -1 -1 -1 -1 
41 19 17 10 206 85 49 -1 -1 -1 -1 
42 19 12 82 254 452 298 -1 -1 -1 -1 
42 19 17 12 209 76 51 -1 -1 -1 -1 
43 19 12 102 254 451 288 -1 -1 -1 -1 
43 19 17 13 207 66 50 -1 -1 -1 -1 
44 19 12 109 248 463 280 -1 -1 -1 -1 
44 19 17 12 203 59 48 -1 -1 -1 -1 
44 19 19 11 249 136 195 -1 -1 -1 -1 
45 19 12 127 244 466 277 -1 -1 -1 -1 
45 19 17 15 198 31 46 -1 -1 -1 -1 
45 19 19 10 245 158 197 -1 -1 -1 -1 
46 19 12 139 240 478 283 -1 -1 -1 -1 
46 19 17 13 195 29 47 -1 -1 -1 -1 
46 19 19 8 240 191 215 -1 -1 -1 -1 
47 19 12 150 241 489 292 -1 -1 -1 -1 
47 19 17 11 200 31 42 -1 -1 -1 -1 
47 19 19 11 238 199 225 -1 -1 -1 -1 
48 19 12 172 245 490 300 -1 -1 -1 -1 
48 19 17 9 200 31 43 -1 -1 -1 -1 
49 19 12 162 252 524 296 -1 -1 -1 -1 
49 19 19 5 249 259 224 -1 -1 -1 -1 
50 19 12 19 252 698 295 -1 -1 -1 -1 
50 19 19 13 252 259 223 -1 -1 -1 -1 
51 19 12 216 257 518 287 -1 -1 -1 -1 
51 19 19 14 249 238 226 -1 -1 -1 -1 
52 19 12 233 253 516 294 -1 -1 -1 -1 
52 19 19 13 247 242 228 -1 -1 -1 -1 
53 19 12 248 249 523 311 -1 -1 -1 -1 
53 19 19 19 244 245 228 -1 -1 -1 -1 
54 19 12 261 243 532 331 -1 -1 -1 -1 
54 19 19 19 240 255 229 -1 -1 -1 -1 
55 19 12 264 243 605 365 -1 -1 -1 -1 
55 19 19 19 243 264 239 -1 -1 -1 -1 
56 19 12 273 241 587 373 -1 -1 -1 -1 
56 19 19 15 241 275 229 -1 -1 -1 -1 
57 19 12 284 236 565 377 -1 -1 -1 -1 
57 19 19 14 234 283 234 -1 -1 -1 -1 
58 19 12 302 232 577 370 -1 -1 -1 -1 
58 19 19 14 226 302 246 -1 -1 -1 -1 
59 19 12 312 224 580 373 -1 -1 -1 -1 
59 19 19 14 221 311 253 -1 -1 -1 -1 
60 19 12 314 226 598 376 -1 -1 -1 -1 
60 19 19 13 222 326 254 -1 -1 -1 -1 
61 19 12 331 233 609 374 -1 -1 -1 -1 
61 19 19 14 225 331 254 -1 -1 -1 -1 
62 19 12 355 235 617 371 -1 -1 -1 -1 
62 19 19 24 229 348 249 -1 -1 -1 -1 
63 19 12 375 240 620 372 -1 -1 -1 -1 
63 19 19 28 233 365 268 -1 -1 -1 -1 
64 19 12 390 250 625 381 -1 -1 -1 -1 
64 19 19 31 244 395 287 -1 -1 -1 -1 
65 19 12 415 256 622 391 -1 -1 -1 -1 
65 19 19 36 249 399 301 -1 -1 -1 -1 
66 19 12 433 262 626 388 -1 -1 -1 -1 
66 19 19 39 258 415 302 -1 -1 -1 -1 
67 19 12 456 269 624 387 -1 -1 -1 -1 
67 19 19 25 262 453 310 -1 -1 -1 -1 
68 19 12 481 272 620 386 -1 -1 -1 -1 
68 19 19 22 266 476 318 -1 -1 -1 -1 
69 19 12 511 274 614 382 -1 -1 -1 -1 
69 19 19 32 267 494 321 -1 -1 -1 -1 
70 19 12 542 267 609 382 -1 -1 -1 -1 
70 19 19 28 262 529 304 -1 -1 -1 -1 
71 19 12 568 256 607 388 -1 -1 -1 -1 
71 19 19 57 257 525 322 -1 -1 -1 -1 
72 19 12 594 245 611 399 -1 -1 -1 -1 
72 19 19 86 253 530 306 -1 -1 -1 -1 
73 19 12 608 237 633 408 -1 -1 -1 -1 
73 19 19 117 247 540 313 -1 -1 -1 -1 
74 19 12 650 232 617 403 -1 -1 -1 -1 
74 19 19 146 240 547 308 -1 -1 -1 -1 
75 19 12 715 232 552 380 -1 -1 -1 -1 
75 19 19 173 240 553 309 -1 -1 -1 -1 
76 19 12 737 236 529 383 -1 -1 -1 -1 
76 19 19 184 243 572 331 -1 -1 -1 -1 
77 19 12 779 242 488 376 -1 -1 -1 -1 
77 19 19 213 246 580 326 -1 -1 -1 -1 
78 19 12 820 253 447 405 -1 -1 -1 -1 
78 19 19 299 252 527 341 -1 -1 -1 -1 
79 19 12 879 260 389 402 -1 -1 -1 -1 
79 19 19 284 260 592 335 -1 -1 -1 -1 
80 19 12 917 245 353 413 -1 -1 -1 -1 
80 19 19 334 258 583 350 -1 -1 -1 -1 
81 19 12 949 227 318 432 -1 -1 -1 -1 
81 19 19 368 252 589 406 -1 -1 -1 -1 
82 19 12 963 233 304 438 -1 -1 -1 -1 
82 19 19 392 250 615 419 -1 -1 -1 -1 
83 19 12 978 242 290 433 -1 -1 -1 -1 
83 19 19 417 249 631 418 -1 -1 -1 -1 
83 19 23 7 262 104 190 -1 -1 -1 -1 
84 19 12 1035 240 233 436 -1 -1 -1 -1 
84 19 19 469 243 619 420 -1 -1 -1 -1 
84 19 23 11 249 124 189 -1 -1 -1 -1 
85 19 12 1082 236 188 452 -1 -1 -1 -1 
85 19 19 511 243 611 428 -1 -1 -1 -1 
85 19 23 12 241 136 192 -1 -1 -1 -1 
86 19 12 1147 232 125 342 -1 -1 -1 -1 
86 19 19 551 246 611 424 -1 -1 -1 -1 
86 19 23 12 233 156 194 -1 -1 -1 -1 
87 19 12 1198 219 70 317 -1 -1 -1 -1 
87 19 19 579 231 625 439 -1 -1 -1 -1 
87 19 23 12 226 177 203 -1 -1 -1 -1 
88 19 12 1236 216 38 308 -1 -1 -1 -1 
88 19 19 596 209 635 453 -1 -1 -1 -1 
89 19 19 599 205 666 478 -1 -1 -1 -1 
89 19 23 12 231 218 204 -1 -1 -1 -1 
90 19 19 707 200 559 496 -1 -1 -1 -1 
90 19 23 13 236 236 202 -1 -1 -1 -1 
91 19 19 631 192 637 512 -1 -1 -1 -1 
91 19 23 13 243 253 205 -1 -1 -1 -1 
92 19 19 659 192 610 516 -1 -1 -1 -1 
92 19 23 12 250 262 209 -1 -1 -1 -1 
93 19 19 759 201 509 509 -1 -1 -1 -1 
93 19 23 14 255 267 214 -1 -1 -1 -1 
94 19 19 746 216 522 493 -1 -1 -1 -1 
94 19 23 14 255 269 214 -1 -1 -1 -1 
95 19 19 644 218 627 490 -1 -1 -1 -1 
95 19 23 13 254 268 224 -1 -1 -1 -1 
96 19 19 877 233 390 470 -1 -1 -1 -1 
96 19 23 14 254 261 237 -1 -1 -1 -1 
97 19 19 906 253 361 422 -1 -1 -1 -1 
97 19 23 14 253 264 243 -1 -1 -1 -1 
98 19 19 944 251 323 402 -1 -1 -1 -1 
98 19 23 13 248 274 243 -1 -1 -1 -1 
99 19 19 985 236 282 398 -1 -1 -1 -1 
99 19 23 13 239 283 252 -1 -1 -1 -1 
100 19 19 996 237 271 399 -1 -1 -1 -1 
100 19 23 13 237 289 265 -1 -1 -1 -1 
101 19 19 1013 233 257 388 -1 -1 -1 -1 
101 19 23 11 237 301 257 -1 -1 -1 -1 
102 19 19 1056 227 215 370 -1 -1 -1 -1 
102 19 23 11 237 319 253 -1 -1 -1 -1 
103 19 19 1108 233 160 351 -1 -1 -1 -1 
103 19 23 12 237 341 257 -1 -1 -1 -1 
104 19 19 1143 247 127 313 -1 -1 -1 -1 
104 19 23 16 240 355 248 -1 -1 -1 -1 
105 19 19 1177 240 91 315 -1 -1 -1 -1 
105 19 23 13 244 375 247 -1 -1 -1 -1 
106 19 19 1210 241 67 305 -1 -1 -1 -1 
107 19 23 15 241 427 259 -1 -1 -1 -1 
108 19 23 28 254 443 265 -1 -1 -1 -1 
109 19 23 55 257 450 267 -1 -1 -1 -1 
110 19 23 83 252 453 274 -1 -1 -1 -1 
111 19 23 95 248 469 290 -1 -1 -1 -1 
112 19 23 120 247 471 309 -1 -1 -1 -1 
113 19 23 146 247 480 341 -1 -1 -1 -1 
113 19 27 7 225 103 256 -1 -1 -1 -1 
114 19 23 173 249 494 342 -1 -1 -1 -1 
114 19 27 10 257 143 237 -1 -1 -1 -1 
115 19 12 10 264 146 232 -1 -1 -1 -1 
115 19 23 192 251 515 332 -1 -1 -1 -1 
115 19 27 20 270 140 229 -1 -1 -1 -1 
116 19 12 10 273 188 231 -1 -1 -1 -1 
116 19 23 202 258 537 333 -1 -1 -1 -1 
116 19 28 5 205 68 78 -1 -1 -1 -1 
117 19 12 11 276 160 228 -1 -1 -1 -1 
117 19 23 215 258 560 332 -1 -1 -1 -1 
117 19 28 12 211 64 80 -1 -1 -1 -1 
118 19 12 4 266 180 235 -1 -1 -1 -1 
118 19 23 230 259 609 336 -1 -1 -1 -1 
118 19 28 8 223 83 80 -1 -1 -1 -1 
119 19 12 11 268 182 236 -1 -1 -1 -1 
119 19 23 244 261 621 328 -1 -1 -1 -1 
119 19 28 12 226 95 105 -1 -1 -1 -1 
120 19 12 13 281 180 227 -1 -1 -1 -1 
120 19 23 258 266 648 334 -1 -1 -1 -1 
120 19 28 11 220 105 101 -1 -1 -1 -1 
121 19 12 13 262 188 249 -1 -1 -1 -1 
121 19 23 267 268 693 339 -1 -1 -1 -1 
121 19 28 12 218 112 98 -1 -1 -1 -1 
122 19 12 13 263 194 250 -1 -1 -1 -1 
122 19 23 291 266 718 347 -1 -1 -1 -1 
122 19 28 11 212 125 100 -1 -1 -1 -1 
123 19 12 13 261 195 233 -1 -1 -1 -1 
123 19 23 308 267 752 377 -1 -1 -1 -1 
123 19 28 11 208 132 101 -1 -1 -1 -1 
124 19 12 14 256 197 235 -1 -1 -1 -1 
124 19 23 337 270 774 414 -1 -1 -1 -1 
124 19 28 13 205 136 104 -1 -1 -1 -1 
125 19 12 14 258 192 238 -1 -1 -1 -1 
125 19 23 412 283 756 408 -1 -1 -1 -1 
125 19 28 17 216 144 177 -1 -1 -1 -1 
126 20 12 16 255 170 246 -1 -1 -1 -1 
126 19 23 374 277 848 422 -1 -1 -1 -1 
127 19 12 16 259 135 257 -1 -1 -1 -1 
127 19 23 406 281 861 420 -1 -1 -1 -1 
128 19 12 23 258 110 267 -1 -1 -1 -1 
128 19 23 460 284 806 420 -1 -1 -1 -1 
129 19 12 26 258 101 270 -1 -1 -1 -1 
129 19 23 567 292 700 404 -1 -1 -1 -1 
130 19 12 11 256 115 290 -1 -1 -1 -1 
130 19 23 576 294 692 404 -1 -1 -1 -1 
130 19 30 12 217 191 209 -1 -1 -1 -1 
131 19 12 10 255 113 298 -1 -1 -1 -1 
131 19 23 625 289 645 390 -1 -1 -1 -1 
131 19 30 12 217 199 207 -1 -1 -1 -1 
132 19 12 14 255 97 303 -1 -1 -1 -1 
132 19 23 748 286 523 422 -1 -1 -1 -1 
132 19 30 13 213 204 209 -1 -1 -1 -1 
133 19 12 14 261 87 299 -1 -1 -1 -1 
133 19 23 832 273 438 433 -1 -1 -1 -1 
133 19 30 13 211 211 209 -1 -1 -1 -1 
134 19 12 12 263 83 297 -1 -1 -1 -1 
134 19 23 866 277 404 428 -1 -1 -1 -1 
134 19 30 13 206 214 205 -1 -1 -1 -1 
135 19 12 12 263 81 300 -1 -1 -1 -1 
135 19 23 950 291 318 412 -1 -1 -1 -1 
135 19 30 12 203 220 199 -1 -1 -1 -1 
136 19 12 8 267 87 252 -1 -1 -1 -1 
136 19 23 1011 299 261 389 -1 -1 -1 -1 
136 19 30 12 201 224 210 -1 -1 -1 -1 
137 19 12 8 277 89 235 -1 -1 -1 -1 
137 19 23 1063 298 207 394 -1 -1 -1 -1 
137 19 30 13 201 232 230 -1 -1 -1 -1 
138 19 12 4 286 118 281 -1 -1 -1 -1 
138 19 23 1103 292 169 401 -1 -1 -1 -1 
138 19 30 13 200 232 233 -1 -1 -1 -1 
139 19 12 0 289 138 284 -1 -1 -1 -1 
139 19 23 1184 289 85 363 -1 -1 -1 -1 
139 19 30 12 200 249 213 -1 -1 -1 -1 
140 19 12 8 297 164 280 -1 -1 -1 -1 
140 19 23 1239 290 35 359 -1 -1 -1 -1 
141 19 12 10 293 198 283 -1 -1 -1 -1 
141 19 30 11 208 271 211 -1 -1 -1 -1 
142 19 12 10 292 227 293 -1 -1 -1 -1 
142 19 30 12 209 283 234 -1 -1 -1 -1 
143 19 12 11 291 263 327 -1 -1 -1 -1 
143 19 30 0 210 326 129 -1 -1 -1 -1 
144 19 12 11 291 295 357 -1 -1 -1 -1 
144 19 30 12 215 309 118 -1 -1 -1 -1 
145 19 12 12 290 329 363 -1 -1 -1 -1 
145 19 28 12 216 323 130 -1 -1 -1 -1 
146 19 12 12 302 365 349 -1 -1 -1 -1 
146 19 28 14 220 330 133 -1 -1 -1 -1 
147 19 12 14 307 399 353 -1 -1 -1 -1 
147 19 28 13 223 334 115 -1 -1 -1 -1 
148 19 12 15 308 435 355 -1 -1 -1 -1 
148 19 28 15 225 338 109 -1 -1 -1 -1 
149 19 12 19 309 468 361 -1 -1 -1 -1 
149 19 28 17 225 331 111 -1 -1 -1 -1 
150 19 12 25 300 503 370 -1 -1 -1 -1 
150 19 28 22 227 333 135 -1 -1 -1 -1 
151 19 12 31 301 538 366 -1 -1 -1 -1 
151 19 28 19 229 344 158 -1 -1 -1 -1 
152 19 12 29 294 589 340 -1 -1 -1 -1 
152 19 28 24 235 343 178 -1 -1 -1 -1 
153 19 12 39 304 630 364 -1 -1 -1 -1 
153 19 28 34 234 338 232 -1 -1 -1 -1 
154 19 12 50 308 683 395 -1 -1 -1 -1 
154 19 28 20 234 363 238 -1 -1 -1 -1 
155 19 12 49 306 726 389 -1 -1 -1 -1 
155 19 28 32 240 358 233 -1 -1 -1 -1 
156 19 12 73 294 753 404 -1 -1 -1 -1 
156 19 28 36 243 376 124 -1 -1 -1 -1 
157 19 12 127 291 751 410 -1 -1 -1 -1 
157 19 28 49 244 372 133 -1 -1 -1 -1 
157 19 32 27 307 384 196 -1 -1 -1 -1 
158 19 12 206 313 728 387 -1 -1 -1 -1 
158 19 28 40 244 401 136 -1 -1 -1 -1 
159 19 12 297 304 683 393 -1 -1 -1 -1 
159 19 23 60 241 384 284 -1 -1 -1 -1 
160 19 12 312 299 714 401 -1 -1 -1 -1 
160 19 23 65 244 396 281 -1 -1 -1 -1 
161 19 12 432 288 648 369 -1 -1 -1 -1 
161 19 23 79 248 403 283 -1 -1 -1 -1 
162 19 12 464 283 668 413 -1 -1 -1 -1 
162 19 23 82 248 432 346 -1 -1 -1 -1 
163 19 12 482 276 706 429 -1 -1 -1 -1 
163 19 23 91 248 446 288 -1 -1 -1 -1 
164 19 12 535 283 712 419 -1 -1 -1 -1 
164 19 23 106 247 460 286 -1 -1 -1 -1 
165 19 12 579 281 687 422 -1 -1 -1 -1 
165 19 23 117 244 482 298 -1 -1 -1 -1 
166 19 12 608 281 661 426 -1 -1 -1 -1 
166 19 23 122 240 507 317 -1 -1 -1 -1 
167 19 12 723 286 549 423 -1 -1 -1 -1 
167 19 23 139 242 520 332 -1 -1 -1 -1 
168 19 12 751 287 517 420 -1 -1 -1 -1 
168 19 23 157 247 533 350 -1 -1 -1 -1 
169 19 12 812 301 455 401 -1 -1 -1 -1 
169 19 23 180 248 545 355 -1 -1 -1 -1 
170 19 12 918 293 350 382 -1 -1 -1 -1 
170 19 23 201 251 596 354 -1 -1 -1 -1 
171 19 12 1001 286 267 388 -1 -1 -1 -1 
171 19 23 232 252 598 354 -1 -1 -1 -1 
172 19 12 1058 281 211 324 -1 -1 -1 -1 
172 19 23 239 252 610 351 -1 -1 -1 -1 
173 19 12 1109 279 160 304 -1 -1 -1 -1 
173 19 23 270 248 622 357 -1 -1 -1 -1 
174 19 12 1161 279 108 278 -1 -1 -1 -1 
174 19 23 292 244 647 374 -1 -1 -1 -1 
175 19 12 1209 279 70 264 -1 -1 -1 -1 
176 19 23 349 257 688 367 -1 -1 -1 -1 
177 19 23 387 260 698 367 -1 -1 -1 -1 
178 19 23 345 259 792 372 -1 -1 -1 -1 
179 19 23 358 260 823 422 -1 -1 -1 -1 
180 19 23 395 259 835 440 -1 -1 -1 -1 
181 19 23 434 258 830 445 -1 -1 -1 -1 
182 19 23 510 260 760 437 -1 -1 -1 -1 
183 19 23 576 261 694 438 -1 -1 -1 -1 
183 19 36 9 285 91 261 -1 -1 -1 -1 
184 19 23 709 263 558 437 -1 -1 -1 -1 
184 19 36 10 283 114 270 -1 -1 -1 -1 
185 19 23 637 263 632 437 -1 -1 -1 -1 
185 19 36 4 278 145 275 -1 -1 -1 -1 
186 19 23 746 263 522 443 -1 -1 -1 -1 
186 19 36 9 286 172 264 -1 -1 -1 -1 
187 19 23 850 266 417 441 -1 -1 -1 -1 
187 19 36 9 284 198 267 -1 -1 -1 -1 
188 19 23 941 267 326 443 -1 -1 -1 -1 
188 19 36 11 285 226 264 -1 -1 -1 -1 
189 19 23 1005 267 263 442 -1 -1 -1 -1 
189 19 36 12 284 249 268 -1 -1 -1 -1 
190 19 23 1061 280 210 428 -1 -1 -1 -1 
190 19 36 12 282 278 275 -1 -1 -1 -1 
191 19 23 1093 288 179 423 -1 -1 -1 -1 
191 19 36 11 281 309 296 -1 -1 -1 -1 
192 19 23 1128 298 149 412 -1 -1 -1 -1 
192 19 36 11 280 342 308 -1 -1 -1 -1 
193 16 23 1167 297 109 336 -1 -1 -1 -1 
193 19 36 14 284 372 303 -1 -1 -1 -1 
194 16 23 1209 300 70 327 -1 -1 -1 -1 
195 19 12 14 287 443 301 -1 -1 -1 -1 
196 19 12 15 283 481 304 -1 -1 -1 -1 
197 19 12 15 280 518 302 -1 -1 -1 -1 
198 19 12 19 269 554 309 -1 -1 -1 -1 
199 19 12 23 277 588 305 -1 -1 -1 -1 
200 19 12 20 269 631 313 -1 -1 -1 -1 
201 19 12 49 274 644 311 -1 -1 -1 -1 
202 19 12 84 271 643 321 -1 -1 -1 -1 
203 19 12 107 268 684 327 -1 -1 -1 -1 
203 19 42 13 260 159 227 -1 -1 -1 -1 
204 19 12 192 270 647 351 -1 -1 -1 -1 
204 19 42 9 261 205 254 -1 -1 -1 -1 
205 19 12 207 271 659 388 -1 -1 -1 -1 
205 19 42 12 253 259 280 -1 -1 -1 -1 
206 19 12 237 273 669 393 -1 -1 -1 -1 
206 19 42 12 247 284 294 -1 -1 -1 -1 
207 19 12 275 274 676 401 -1 -1 -1 -1 
207 19 42 14 241 301 299 -1 -1 -1 -1 
208 19 12 309 274 689 419 -1 -1 -1 -1 
208 19 42 15 239 325 287 -1 -1 -1 -1 
209 19 12 359 271 689 418 -1 -1 -1 -1 
209 19 42 14 240 361 286 -1 -1 -1 -1 
210 19 12 393 271 708 416 -1 -1 -1 -1 
210 19 42 12 242 392 294 -1 -1 -1 -1 
211 19 12 415 274 734 416 -1 -1 -1 -1 
211 19 42 19 245 412 269 -1 -1 -1 -1 
212 19 12 441 274 756 417 -1 -1 -1 -1 
212 19 42 33 248 425 306 -1 -1 -1 -1 
213 19 12 483 274 763 414 -1 -1 -1 -1 
213 19 42 47 243 434 310 -1 -1 -1 -1 
214 19 12 531 275 734 419 -1 -1 -1 -1 
214 19 42 64 244 451 313 -1 -1 -1 -1 
215 19 12 601 278 666 415 -1 -1 -1 -1 
215 19 42 93 246 465 340 -1 -1 -1 -1 
216 19 12 629 275 639 420 -1 -1 -1 -1 
216 19 42 134 254 466 322 -1 -1 -1 -1 
217 19 12 622 267 646 427 -1 -1 -1 -1 
217 19 42 133 260 511 354 -1 -1 -1 -1 
218 19 12 719 254 549 441 -1 -1 -1 -1 
218 19 42 158 267 522 356 -1 -1 -1 -1 
219 19 12 768 245 500 448 -1 -1 -1 -1 
219 19 42 185 276 575 367 -1 -1 -1 -1 
220 19 12 791 244 476 452 -1 -1 -1 -1 
220 19 42 211 283 610 407 -1 -1 -1 -1 
221 19 12 821 255 447 431 -1 -1 -1 -1 
221 19 42 239 295 622 402 -1 -1 -1 -1 
221 19 43 10 286 106 109 -1 -1 -1 -1 
222 19 12 889 263 378 394 -1 -1 -1 -1 
222 19 42 249 299 681 386 -1 -1 -1 -1 
222 19 43 11 292 129 172 -1 -1 -1 -1 
223 19 12 954 266 314 382 -1 -1 -1 -1 
223 19 42 260 299 728 402 -1 -1 -1 -1 
223 19 43 11 295 152 206 -1 -1 -1 -1 
224 19 12 1011 261 256 390 -1 -1 -1 -1 
224 19 42 312 295 756 411 -1 -1 -1 -1 
224 19 43 12 293 173 204 -1 -1 -1 -1 
225 19 12 1035 255 232 398 -1 -1 -1 -1 
225 19 42 412 293 697 391 -1 -1 -1 -1 
225 19 43 12 294 198 234 -1 -1 -1 -1 
226 19 12 1102 247 166 381 -1 -1 -1 -1 
226 19 42 423 293 744 410 -1 -1 -1 -1 
226 19 43 12 291 216 250 -1 -1 -1 -1 
227 19 12 1156 245 113 326 -1 -1 -1 -1 
227 19 42 496 293 738 387 -1 -1 -1 -1 
227 19 43 12 292 242 243 -1 -1 -1 -1 
228 19 12 1200 243 79 316 -1 -1 -1 -1 
228 19 42 517 284 751 387 -1 -1 -1 -1 
229 19 42 561 259 704 410 -1 -1 -1 -1 
229 19 43 13 289 288 244 -1 -1 -1 -1 
230 19 42 595 272 675 374 -1 -1 -1 -1 
230 19 43 13 289 313 244 -1 -1 -1 -1 
231 19 42 580 270 688 375 -1 -1 -1 -1 
231 19 43 13 290 340 246 -1 -1 -1 -1 
232 19 42 733 265 536 387 -1 -1 -1 -1 
232 19 43 16 287 358 260 -1 -1 -1 -1 
233 19 42 766 263 513 391 -1 -1 -1 -1 
234 19 42 783 287 490 344 -1 -1 -1 -1 
234 19 43 14 285 406 275 -1 -1 -1 -1 
235 19 42 847 288 420 376 -1 -1 -1 -1 
235 19 43 15 282 430 282 -1 -1 -1 -1 
236 19 42 963 275 307 367 -1 -1 -1 -1 
236 19 43 18 284 446 297 -1 -1 -1 -1 
237 19 42 1080 271 192 359 -1 -1 -1 -1 
237 19 43 15 282 478 306 -1 -1 -1 -1 
238 2 42 1178 271 93 264 -1 -1 -1 -1 
238 19 43 39 282 492 305 -1 -1 -1 -1 
239 2 42 1235 270 44 252 -1 -1 -1 -1 
240 19 43 93 282 500 301 -1 -1 -1 -1 
241 19 43 125 276 510 303 -1 -1 -1 -1 
242 19 43 163 273 515 307 -1 -1 -1 -1 
243 19 43 198 275 525 312 -1 -1 -1 -1 
243 19 45 10 254 137 214 -1 -1 -1 -1 
244 19 43 227 278 636 331 -1 -1 -1 -1 
244 19 45 11 257 167 243 -1 -1 -1 -1 
245 19 43 264 282 614 353 -1 -1 -1 -1 
245 19 45 14 256 202 240 -1 -1 -1 -1 
246 19 43 298 276 593 348 -1 -1 -1 -1 
246 19 45 12 253 236 242 -1 -1 -1 -1 
247 19 43 322 268 611 366 -1 -1 -1 -1 
247 19 45 11 252 266 228 -1 -1 -1 -1 
248 19 43 345 274 644 369 -1 -1 -1 -1 
248 19 45 12 256 290 232 -1 -1 -1 -1 
249 19 43 359 275 686 393 -1 -1 -1 -1 
249 19 45 13 259 318 236 -1 -1 -1 -1 
250 19 43 397 276 704 424 -1 -1 -1 -1 
250 19 45 14 262 344 233 -1 -1 -1 -1 
251 19 43 453 278 708 343 -1 -1 -1 -1 
251 19 45 18 265 365 232 -1 -1 -1 -1 
252 19 43 508 285 705 421 -1 -1 -1 -1 
252 19 45 41 266 371 227 -1 -1 -1 -1 
253 19 43 554 290 711 414 -1 -1 -1 -1 
253 19 45 66 265 373 230 -1 -1 -1 -1 
254 19 43 591 294 676 400 -1 -1 -1 -1 
254 19 45 89 263 370 234 -1 -1 -1 -1 
255 19 43 633 300 633 369 -1 -1 -1 -1 
255 19 45 113 262 370 247 -1 -1 -1 -1 
256 19 12 130 260 377 265 -1 -1 -1 -1 
256 19 43 671 308 596 383 -1 -1 -1 -1 
257 19 12 152 262 381 263 -1 -1 -1 -1 
257 19 43 694 305 572 401 -1 -1 -1 -1 
258 19 12 163 263 389 261 -1 -1 -1 -1 
258 19 43 706 298 561 411 -1 -1 -1 -1 
259 19 43 753 295 514 401 -1 -1 -1 -1 
259 19 45 214 270 369 257 -1 -1 -1 -1 
260 19 43 844 299 424 397 -1 -1 -1 -1 
260 19 45 239 272 370 256 -1 -1 -1 -1 
261 19 43 899 305 368 398 -1 -1 -1 -1 
261 19 45 260 272 378 253 -1 -1 -1 -1 
262 19 43 937 331 331 380 -1 -1 -1 -1 
262 19 45 281 272 385 258 -1 -1 -1 -1 
262 19 46 8 277 86 197 -1 -1 -1 -1 
263 19 43 996 321 273 390 -1 -1 -1 -1 
263 19 45 299 274 395 266 -1 -1 -1 -1 
263 19 46 11 273 94 201 -1 -1 -1 -1 
264 19 43 1051 324 217 383 -1 -1 -1 -1 
264 19 45 319 279 406 266 -1 -1 -1 -1 
264 19 46 13 268 105 222 -1 -1 -1 -1 
265 19 43 1106 323 164 386 -1 -1 -1 -1 
265 19 45 337 281 422 265 -1 -1 -1 -1 
265 19 46 10 268 129 212 -1 -1 -1 -1 
266 19 43 1159 323 113 388 -1 -1 -1 -1 
266 19 45 355 282 431 267 -1 -1 -1 -1 
266 19 46 10 272 147 218 -1 -1 -1 -1 
267 19 43 1209 324 67 390 -1 -1 -1 -1 
267 19 45 363 283 468 303 -1 -1 -1 -1 
267 19 46 12 273 162 216 -1 -1 -1 -1 
268 19 45 378 286 488 335 -1 -1 -1 -1 
268 19 46 13 277 180 216 -1 -1 -1 -1 
269 19 45 402 288 563 353 -1 -1 -1 -1 
269 19 46 12 276 203 214 -1 -1 -1 -1 
269 19 49 11 228 48 58 -1 -1 -1 -1 
270 19 45 419 288 579 350 -1 -1 -1 -1 
270 19 46 11 272 222 218 -1 -1 -1 -1 
270 19 49 13 226 45 60 -1 -1 -1 -1 
271 19 45 418 288 593 361 -1 -1 -1 -1 
271 19 46 12 268 238 221 -1 -1 -1 -1 
271 19 49 12 227 43 60 -1 -1 -1 -1 
272 19 45 434 294 629 362 -1 -1 -1 -1 
272 19 46 12 267 260 218 -1 -1 -1 -1 
272 19 49 11 227 44 60 -1 -1 -1 -1 
273 19 45 448 300 677 374 -1 -1 -1 -1 
273 19 46 10 267 289 210 -1 -1 -1 -1 
273 19 49 11 228 44 60 -1 -1 -1 -1 
274 19 45 452 301 734 377 -1 -1 -1 -1 
274 19 46 12 272 304 209 -1 -1 -1 -1 
274 19 49 11 231 46 58 -1 -1 -1 -1 
275 19 45 468 293 777 379 -1 -1 -1 -1 
275 19 46 13 276 319 211 -1 -1 -1 -1 
275 19 49 12 232 45 70 -1 -1 -1 -1 
276 19 45 486 292 782 382 -1 -1 -1 -1 
276 19 46 19 279 334 208 -1 -1 -1 -1 
276 19 49 13 236 44 148 -1 -1 -1 -1 
277 19 45 512 291 755 387 -1 -1 -1 -1 
277 19 46 41 280 330 213 -1 -1 -1 -1 
277 19 49 11 230 47 165 -1 -1 -1 -1 
278 19 45 549 296 719 378 -1 -1 -1 -1 
278 19 46 50 277 336 218 -1 -1 -1 -1 
278 19 49 11 233 43 163 -1 -1 -1 -1 
279 19 45 590 293 679 385 -1 -1 -1 -1 
279 19 46 69 277 338 225 -1 -1 -1 -1 
279 19 49 11 234 43 165 -1 -1 -1 -1 
280 19 45 652 303 615 390 -1 -1 -1 -1 
280 19 46 86 276 345 241 -1 -1 -1 -1 
280 19 49 11 235 46 166 -1 -1 -1 -1 
281 19 45 725 318 543 383 -1 -1 -1 -1 
281 19 46 102 278 344 253 -1 -1 -1 -1 
281 19 49 11 236 46 164 -1 -1 -1 -1 
282 19 45 771 322 496 379 -1 -1 -1 -1 
282 19 46 123 276 342 255 -1 -1 -1 -1 
282 19 49 11 235 46 165 -1 -1 -1 -1 
283 19 45 911 319 355 381 -1 -1 -1 -1 
283 19 46 144 276 345 257 -1 -1 -1 -1 
283 19 49 12 236 48 162 -1 -1 -1 -1 
284 19 45 974 318 293 379 -1 -1 -1 -1 
284 19 46 162 274 351 259 -1 -1 -1 -1 
284 19 49 12 236 49 162 -1 -1 -1 -1 
285 19 45 1060 316 209 367 -1 -1 -1 -1 
285 19 46 180 272 359 262 -1 -1 -1 -1 
285 19 49 13 235 49 165 -1 -1 -1 -1 
286 21 45 1133 315 137 342 -1 -1 -1 -1 
286 19 46 196 270 371 257 -1 -1 -1 -1 
286 19 49 12 235 50 165 -1 -1 -1 -1 
287 21 45 1189 317 87 339 -1 -1 -1 -1 
287 19 46 214 272 383 255 -1 -1 -1 -1 
288 19 46 235 276 391 264 -1 -1 -1 -1 
288 19 49 11 236 54 164 -1 -1 -1 -1 
289 19 46 252 281 406 270 -1 -1 -1 -1 
289 19 49 11 236 55 165 -1 -1 -1 -1 
290 19 46 269 282 423 296 -1 -1 -1 -1 
290 19 49 12 237 54 166 -1 -1 -1 -1 
291 19 46 287 278 442 312 -1 -1 -1 -1 
291 19 49 11 238 55 165 -1 -1 -1 -1 
292 19 46 305 278 463 352 -1 -1 -1 -1 
292 19 49 12 240 55 165 -1 -1 -1 -1 
293 19 46 328 279 481 368 -1 -1 -1 -1 
293 19 49 12 241 54 164 -1 -1 -1 -1 
294 19 46 350 280 507 372 -1 -1 -1 -1 
294 19 49 11 242 56 163 -1 -1 -1 -1 
295 19 46 375 284 526 366 -1 -1 -1 -1 
295 19 49 11 245 56 161 -1 -1 -1 -1 
296 19 46 397 285 607 366 -1 -1 -1 -1 
296 19 49 11 246 58 158 -1 -1 -1 -1 
297 19 46 424 294 583 362 -1 -1 -1 -1 
297 19 49 11 247 61 158 -1 -1 -1 -1 
298 19 46 453 299 610 354 -1 -1 -1 -1 
298 19 49 11 246 64 158 -1 -1 -1 -1 
299 19 46 482 306 630 380 -1 -1 -1 -1 
299 19 49 12 248 66 158 -1 -1 -1 -1 
300 19 46 511 312 661 383 -1 -1 -1 -1 
300 19 49 13 251 67 236 -1 -1 -1 -1 
301 19 46 548 316 687 383 -1 -1 -1 -1 
301 19 49 10 284 74 212 -1 -1 -1 -1 
302 19 46 578 318 688 384 -1 -1 -1 -1 
302 19 49 9 287 78 220 -1 -1 -1 -1 
