3 19 1 494 110 145 240 -1 -1 -1 -1 
3 19 2 35 145 128 157 -1 -1 -1 -1 
3 19 3 106 169 173 310 -1 -1 -1 -1 
3 19 4 360 119 113 57 -1 -1 -1 -1 
3 19 5 224 135 314 338 -1 -1 -1 -1 
3 19 6 561 63 29 27 -1 -1 -1 -1 
3 19 9 230 110 91 41 -1 -1 -1 -1 
3 19 10 459 88 56 27 -1 -1 -1 -1 
3 19 11 536 89 103 46 -1 -1 -1 -1 
3 19 12 191 121 87 65 -1 -1 -1 -1 
3 19 15 0 169 69 138 -1 -1 -1 -1 
3 19 17 604 63 35 26 -1 -1 -1 -1 
4 19 1 500 114 139 242 -1 -1 -1 -1 
4 19 2 39 149 129 159 -1 -1 -1 -1 
4 19 3 112 172 219 307 -1 -1 -1 -1 
4 19 4 367 117 108 60 -1 -1 -1 -1 
4 19 5 190 128 362 349 -1 -1 -1 -1 
4 19 6 566 67 28 26 -1 -1 -1 -1 
4 19 9 228 114 90 40 -1 -1 -1 -1 
4 19 10 463 93 56 25 -1 -1 -1 -1 
4 19 11 541 92 97 43 -1 -1 -1 -1 
4 19 12 194 126 84 64 -1 -1 -1 -1 
4 19 15 0 173 73 138 -1 -1 -1 -1 
4 19 17 610 68 29 24 -1 -1 -1 -1 
4 19 20 144 99 23 24 -1 -1 -1 -1 
4 19 21 61 116 30 16 -1 -1 -1 -1 
4 19 22 283 96 20 18 -1 -1 -1 -1 
4 19 24 435 87 29 12 -1 -1 -1 -1 
5 19 1 504 115 135 239 -1 -1 -1 -1 
5 19 2 43 151 135 159 -1 -1 -1 -1 
5 19 3 116 175 220 304 -1 -1 -1 -1 
5 19 4 370 124 106 53 -1 -1 -1 -1 
5 19 5 235 144 308 326 -1 -1 -1 -1 
5 19 6 569 69 30 26 -1 -1 -1 -1 
5 19 9 225 117 94 39 -1 -1 -1 -1 
5 19 10 468 95 55 24 -1 -1 -1 -1 
5 19 11 544 94 95 41 -1 -1 -1 -1 
5 19 12 190 126 99 71 -1 -1 -1 -1 
5 19 15 0 167 80 151 -1 -1 -1 -1 
5 19 17 613 69 26 24 -1 -1 -1 -1 
5 19 20 146 102 26 25 -1 -1 -1 -1 
5 19 21 66 122 28 14 -1 -1 -1 -1 
5 19 22 286 99 21 19 -1 -1 -1 -1 
5 19 24 440 90 27 11 -1 -1 -1 -1 
5 19 27 0 119 28 21 -1 -1 -1 -1 
6 19 1 506 112 133 244 -1 -1 -1 -1 
6 19 2 43 146 136 165 -1 -1 -1 -1 
6 19 3 118 172 185 307 -1 -1 -1 -1 
6 19 4 374 119 98 53 -1 -1 -1 -1 
6 19 5 238 142 301 329 -1 -1 -1 -1 
6 19 6 570 67 29 25 -1 -1 -1 -1 
6 19 9 230 115 86 36 -1 -1 -1 -1 
6 19 10 469 91 55 26 -1 -1 -1 -1 
6 19 11 544 93 95 37 -1 -1 -1 -1 
6 19 12 202 128 85 67 -1 -1 -1 -1 
6 19 15 0 170 80 146 -1 -1 -1 -1 
6 19 17 614 67 25 24 -1 -1 -1 -1 
6 19 20 149 101 23 24 -1 -1 -1 -1 
6 19 21 67 119 28 15 -1 -1 -1 -1 
6 19 22 287 97 20 18 -1 -1 -1 -1 
6 19 24 443 92 27 12 -1 -1 -1 -1 
6 19 27 0 117 29 19 -1 -1 -1 -1 
6 19 29 591 112 48 51 -1 -1 -1 -1 
6 19 31 304 98 38 26 -1 -1 -1 -1 
7 19 1 509 113 130 245 -1 -1 -1 -1 
7 19 2 47 148 133 167 -1 -1 -1 -1 
7 19 3 119 174 170 305 -1 -1 -1 -1 
7 19 4 380 121 94 55 -1 -1 -1 -1 
7 19 5 238 142 327 333 -1 -1 -1 -1 
7 19 6 574 68 27 25 -1 -1 -1 -1 
7 19 9 236 116 79 36 -1 -1 -1 -1 
7 19 10 472 92 56 28 -1 -1 -1 -1 
7 19 11 548 94 91 34 -1 -1 -1 -1 
7 19 12 204 131 86 68 -1 -1 -1 -1 
7 19 15 0 176 83 177 -1 -1 -1 -1 
7 19 17 617 68 22 24 -1 -1 -1 -1 
7 19 20 152 102 22 25 -1 -1 -1 -1 
7 19 21 70 122 28 16 -1 -1 -1 -1 
7 19 22 289 99 21 19 -1 -1 -1 -1 
7 19 24 443 89 28 12 -1 -1 -1 -1 
7 19 27 0 123 31 18 -1 -1 -1 -1 
7 19 29 591 111 48 55 -1 -1 -1 -1 
7 19 31 304 101 38 26 -1 -1 -1 -1 
7 19 32 427 106 42 29 -1 -1 -1 -1 
8 19 1 513 118 126 242 -1 -1 -1 -1 
8 19 2 51 157 132 161 -1 -1 -1 -1 
8 19 3 121 180 198 299 -1 -1 -1 -1 
8 19 4 387 127 90 54 -1 -1 -1 -1 
8 19 5 244 151 314 326 -1 -1 -1 -1 
8 19 6 578 73 27 26 -1 -1 -1 -1 
8 19 9 239 122 76 36 -1 -1 -1 -1 
8 19 10 476 98 55 28 -1 -1 -1 -1 
8 19 11 547 100 92 31 -1 -1 -1 -1 
8 19 12 182 132 109 74 -1 -1 -1 -1 
8 19 15 0 174 86 199 -1 -1 -1 -1 
8 19 17 619 70 20 23 -1 -1 -1 -1 
8 19 20 154 109 25 26 -1 -1 -1 -1 
8 19 21 74 129 28 17 -1 -1 -1 -1 
8 19 22 292 101 20 18 -1 -1 -1 -1 
8 19 24 446 91 27 11 -1 -1 -1 -1 
8 19 27 1 126 31 18 -1 -1 -1 -1 
9 19 1 519 121 120 246 -1 -1 -1 -1 
9 19 2 55 162 119 160 -1 -1 -1 -1 
9 19 3 126 182 176 296 -1 -1 -1 -1 
9 19 4 393 132 88 52 -1 -1 -1 -1 
9 19 5 249 155 303 323 -1 -1 -1 -1 
9 19 6 580 76 29 26 -1 -1 -1 -1 
9 19 9 239 125 75 36 -1 -1 -1 -1 
9 19 10 479 101 55 29 -1 -1 -1 -1 
9 19 11 552 102 87 31 -1 -1 -1 -1 
9 19 12 180 125 131 83 -1 -1 -1 -1 
9 19 15 0 178 88 160 -1 -1 -1 -1 
9 19 20 158 114 24 26 -1 -1 -1 -1 
9 19 21 80 134 26 16 -1 -1 -1 -1 
9 19 29 592 115 47 49 -1 -1 -1 -1 
9 19 31 305 112 44 26 -1 -1 -1 -1 
9 19 32 427 114 41 22 -1 -1 -1 -1 
10 19 1 518 124 121 241 -1 -1 -1 -1 
10 19 2 57 165 96 156 -1 -1 -1 -1 
10 19 3 126 184 159 294 -1 -1 -1 -1 
10 19 4 396 136 86 51 -1 -1 -1 -1 
10 19 5 249 159 311 319 -1 -1 -1 -1 
10 19 6 583 78 28 26 -1 -1 -1 -1 
10 19 10 480 103 56 28 -1 -1 -1 -1 
10 19 11 556 104 82 30 -1 -1 -1 -1 
10 19 12 176 127 132 82 -1 -1 -1 -1 
10 19 15 5 186 81 150 -1 -1 -1 -1 
10 19 20 160 117 23 25 -1 -1 -1 -1 
10 19 21 80 136 29 17 -1 -1 -1 -1 
10 19 22 298 112 22 18 -1 -1 -1 -1 
10 19 29 593 119 46 46 -1 -1 -1 -1 
10 19 31 310 114 43 27 -1 -1 -1 -1 
10 19 32 426 120 40 19 -1 -1 -1 -1 
11 19 1 520 126 119 237 -1 -1 -1 -1 
11 19 2 57 167 109 156 -1 -1 -1 -1 
11 19 3 127 181 156 297 -1 -1 -1 -1 
11 19 4 399 138 84 50 -1 -1 -1 -1 
11 19 5 251 159 314 320 -1 -1 -1 -1 
11 19 6 584 79 28 27 -1 -1 -1 -1 
11 19 10 482 105 55 28 -1 -1 -1 -1 
11 19 11 551 105 88 32 -1 -1 -1 -1 
11 19 12 173 131 131 85 -1 -1 -1 -1 
11 19 15 0 184 86 187 -1 -1 -1 -1 
11 19 20 162 119 21 24 -1 -1 -1 -1 
11 19 21 82 137 28 17 -1 -1 -1 -1 
11 19 22 301 115 21 18 -1 -1 -1 -1 
11 19 29 593 119 46 46 -1 -1 -1 -1 
11 19 31 307 115 51 28 -1 -1 -1 -1 
12 19 1 523 123 116 240 -1 -1 -1 -1 
12 19 2 60 167 112 207 -1 -1 -1 -1 
12 19 3 128 184 156 295 -1 -1 -1 -1 
12 19 4 404 128 79 55 -1 -1 -1 -1 
12 19 5 254 159 328 319 -1 -1 -1 -1 
12 19 6 585 78 30 26 -1 -1 -1 -1 
12 19 10 483 103 57 29 -1 -1 -1 -1 
12 19 11 552 102 87 35 -1 -1 -1 -1 
12 19 12 168 130 137 83 -1 -1 -1 -1 
12 19 15 0 181 86 193 -1 -1 -1 -1 
12 19 20 165 117 22 25 -1 -1 -1 -1 
12 19 21 84 137 29 16 -1 -1 -1 -1 
12 19 22 303 112 18 18 -1 -1 -1 -1 
12 19 24 455 101 28 10 -1 -1 -1 -1 
12 19 31 311 113 48 27 -1 -1 -1 -1 
12 19 36 13 136 35 21 -1 -1 -1 -1 
13 19 1 523 127 115 249 -1 -1 -1 -1 
13 19 2 63 170 105 175 -1 -1 -1 -1 
13 19 3 128 187 155 292 -1 -1 -1 -1 
13 19 4 405 132 79 56 -1 -1 -1 -1 
13 19 5 257 163 328 315 -1 -1 -1 -1 
13 19 6 588 81 28 26 -1 -1 -1 -1 
13 19 10 485 109 54 28 -1 -1 -1 -1 
13 19 11 569 106 70 38 -1 -1 -1 -1 
13 19 12 166 137 138 88 -1 -1 -1 -1 
13 19 15 0 185 86 193 -1 -1 -1 -1 
13 19 20 166 122 22 24 -1 -1 -1 -1 
13 19 21 87 139 28 16 -1 -1 -1 -1 
13 19 22 303 117 22 19 -1 -1 -1 -1 
13 19 24 456 105 29 10 -1 -1 -1 -1 
13 19 31 312 118 48 28 -1 -1 -1 -1 
14 19 1 518 130 121 246 -1 -1 -1 -1 
14 19 2 58 175 121 198 -1 -1 -1 -1 
14 19 3 125 193 163 286 -1 -1 -1 -1 
14 19 4 403 136 77 56 -1 -1 -1 -1 
14 19 5 256 167 323 311 -1 -1 -1 -1 
14 19 6 585 85 29 26 -1 -1 -1 -1 
14 19 10 483 111 55 28 -1 -1 -1 -1 
14 19 11 547 109 92 39 -1 -1 -1 -1 
14 19 12 158 140 148 91 -1 -1 -1 -1 
14 19 15 0 187 83 179 -1 -1 -1 -1 
14 19 20 164 125 20 24 -1 -1 -1 -1 
14 19 21 83 144 29 16 -1 -1 -1 -1 
14 19 22 302 120 19 18 -1 -1 -1 -1 
14 19 24 454 108 28 11 -1 -1 -1 -1 
14 19 31 309 121 47 28 -1 -1 -1 -1 
14 19 36 12 144 35 21 -1 -1 -1 -1 
15 19 1 518 133 121 240 -1 -1 -1 -1 
15 19 2 62 173 94 165 -1 -1 -1 -1 
15 19 3 125 194 152 285 -1 -1 -1 -1 
15 19 4 398 139 81 53 -1 -1 -1 -1 
15 19 5 259 168 320 311 -1 -1 -1 -1 
15 19 6 586 88 27 24 -1 -1 -1 -1 
15 19 10 481 112 59 30 -1 -1 -1 -1 
15 19 11 548 109 91 42 -1 -1 -1 -1 
15 19 12 156 141 149 92 -1 -1 -1 -1 
15 19 15 0 190 79 159 -1 -1 -1 -1 
15 19 20 165 127 21 25 -1 -1 -1 -1 
15 19 21 84 146 27 16 -1 -1 -1 -1 
15 19 22 301 121 22 19 -1 -1 -1 -1 
15 19 24 454 110 29 12 -1 -1 -1 -1 
15 19 31 309 123 47 28 -1 -1 -1 -1 
16 19 1 519 133 119 243 -1 -1 -1 -1 
16 19 2 64 174 89 156 -1 -1 -1 -1 
16 19 3 124 196 148 283 -1 -1 -1 -1 
16 19 4 394 141 84 53 -1 -1 -1 -1 
16 19 5 258 169 326 310 -1 -1 -1 -1 
16 19 6 587 91 27 24 -1 -1 -1 -1 
16 19 10 483 116 55 28 -1 -1 -1 -1 
16 19 11 555 112 84 43 -1 -1 -1 -1 
16 19 12 153 143 153 92 -1 -1 -1 -1 
16 19 15 0 189 79 160 -1 -1 -1 -1 
16 19 21 85 146 28 17 -1 -1 -1 -1 
16 19 22 303 123 22 19 -1 -1 -1 -1 
16 19 24 456 113 28 11 -1 -1 -1 -1 
16 19 31 307 127 52 26 -1 -1 -1 -1 
17 19 1 515 135 121 246 -1 -1 -1 -1 
17 19 2 64 171 97 159 -1 -1 -1 -1 
17 19 3 120 193 149 286 -1 -1 -1 -1 
17 19 4 387 140 89 53 -1 -1 -1 -1 
17 19 5 256 166 299 313 -1 -1 -1 -1 
17 19 6 586 92 27 25 -1 -1 -1 -1 
17 19 10 482 117 55 27 -1 -1 -1 -1 
17 19 11 547 113 92 44 -1 -1 -1 -1 
17 19 12 148 140 133 63 -1 -1 -1 -1 
17 19 15 0 186 75 159 -1 -1 -1 -1 
17 19 20 163 125 17 25 -1 -1 -1 -1 
17 19 21 84 144 27 17 -1 -1 -1 -1 
17 19 22 302 123 21 18 -1 -1 -1 -1 
17 19 31 309 129 46 23 -1 -1 -1 -1 
17 19 36 12 144 35 21 -1 -1 -1 -1 
18 19 1 514 136 125 245 -1 -1 -1 -1 
18 19 2 66 173 85 171 -1 -1 -1 -1 
18 19 3 120 194 149 285 -1 -1 -1 -1 
18 19 4 381 141 93 52 -1 -1 -1 -1 
18 19 5 220 152 358 327 -1 -1 -1 -1 
18 19 6 584 91 29 25 -1 -1 -1 -1 
18 19 10 482 117 55 27 -1 -1 -1 -1 
18 19 11 553 111 86 44 -1 -1 -1 -1 
18 19 12 147 140 128 62 -1 -1 -1 -1 
18 19 15 0 187 73 160 -1 -1 -1 -1 
18 19 20 163 125 15 25 -1 -1 -1 -1 
18 19 21 84 146 26 16 -1 -1 -1 -1 
18 19 22 301 123 20 18 -1 -1 -1 -1 
18 19 24 453 113 30 11 -1 -1 -1 -1 
18 19 31 308 125 47 27 -1 -1 -1 -1 
18 19 36 12 146 34 20 -1 -1 -1 -1 
19 19 1 515 137 124 243 -1 -1 -1 -1 
19 19 2 65 173 97 196 -1 -1 -1 -1 
19 19 3 120 195 151 284 -1 -1 -1 -1 
19 19 4 379 142 97 52 -1 -1 -1 -1 
19 19 5 252 165 323 314 -1 -1 -1 -1 
19 19 6 587 92 30 25 -1 -1 -1 -1 
19 19 10 484 118 56 27 -1 -1 -1 -1 
19 19 11 560 115 79 39 -1 -1 -1 -1 
19 19 12 146 139 127 61 -1 -1 -1 -1 
19 19 15 0 187 73 157 -1 -1 -1 -1 
19 19 20 164 126 15 26 -1 -1 -1 -1 
19 19 21 86 146 28 17 -1 -1 -1 -1 
19 19 22 304 124 20 17 -1 -1 -1 -1 
19 19 24 454 114 30 11 -1 -1 -1 -1 
20 19 1 513 138 126 241 -1 -1 -1 -1 
20 19 2 65 171 93 156 -1 -1 -1 -1 
20 19 3 119 193 155 286 -1 -1 -1 -1 
20 19 4 374 141 100 51 -1 -1 -1 -1 
20 19 5 258 165 290 313 -1 -1 -1 -1 
20 19 6 588 92 28 24 -1 -1 -1 -1 
20 19 10 485 116 57 27 -1 -1 -1 -1 
20 19 11 540 114 98 39 -1 -1 -1 -1 
20 19 12 145 138 123 59 -1 -1 -1 -1 
20 19 15 0 186 73 159 -1 -1 -1 -1 
20 19 21 86 144 28 17 -1 -1 -1 -1 
20 19 22 303 122 22 18 -1 -1 -1 -1 
20 19 31 313 123 46 28 -1 -1 -1 -1 
20 19 36 14 146 35 19 -1 -1 -1 -1 
21 19 1 514 136 125 245 -1 -1 -1 -1 
21 19 2 67 174 92 155 -1 -1 -1 -1 
21 19 3 119 194 159 285 -1 -1 -1 -1 
21 19 4 372 144 101 49 -1 -1 -1 -1 
21 19 5 258 168 287 309 -1 -1 -1 -1 
21 19 6 588 92 28 24 -1 -1 -1 -1 
21 19 10 484 117 65 28 -1 -1 -1 -1 
21 19 11 539 116 99 38 -1 -1 -1 -1 
21 19 12 144 140 120 58 -1 -1 -1 -1 
21 19 15 0 188 75 161 -1 -1 -1 -1 
21 19 21 86 147 29 16 -1 -1 -1 -1 
21 19 22 304 125 20 17 -1 -1 -1 -1 
21 19 31 311 125 48 28 -1 -1 -1 -1 
21 19 36 15 149 33 19 -1 -1 -1 -1 
22 19 1 513 138 126 246 -1 -1 -1 -1 
22 19 2 66 176 94 153 -1 -1 -1 -1 
22 19 3 118 195 157 284 -1 -1 -1 -1 
22 19 4 368 146 104 49 -1 -1 -1 -1 
22 19 5 260 170 282 306 -1 -1 -1 -1 
22 19 6 587 94 28 25 -1 -1 -1 -1 
22 19 10 484 119 65 28 -1 -1 -1 -1 
22 19 12 141 144 116 57 -1 -1 -1 -1 
22 19 15 0 183 76 167 -1 -1 -1 -1 
22 19 21 87 149 27 16 -1 -1 -1 -1 
22 19 22 303 127 21 17 -1 -1 -1 -1 
22 19 31 311 128 48 27 -1 -1 -1 -1 
22 19 36 15 149 33 20 -1 -1 -1 -1 
22 19 38 219 154 79 94 -1 -1 -1 -1 
22 19 39 617 121 22 31 -1 -1 -1 -1 
23 19 1 511 140 128 244 -1 -1 -1 -1 
23 19 2 65 176 95 149 -1 -1 -1 -1 
23 19 3 116 196 156 283 -1 -1 -1 -1 
23 19 4 363 145 107 51 -1 -1 -1 -1 
23 19 5 256 172 284 300 -1 -1 -1 -1 
23 19 6 588 97 26 25 -1 -1 -1 -1 
23 19 10 482 122 63 27 -1 -1 -1 -1 
23 19 11 540 120 97 40 -1 -1 -1 -1 
23 19 12 135 147 117 58 -1 -1 -1 -1 
23 19 15 0 186 83 168 -1 -1 -1 -1 
23 19 21 86 151 28 16 -1 -1 -1 -1 
23 19 22 302 128 20 18 -1 -1 -1 -1 
23 19 31 311 130 45 27 -1 -1 -1 -1 
23 19 36 13 149 34 22 -1 -1 -1 -1 
23 19 38 218 155 77 92 -1 -1 -1 -1 
23 19 39 613 122 26 33 -1 -1 -1 -1 
24 19 1 510 143 129 246 -1 -1 -1 -1 
24 19 2 64 180 95 151 -1 -1 -1 -1 
24 19 3 116 199 151 280 -1 -1 -1 -1 
24 19 4 358 146 111 53 -1 -1 -1 -1 
24 19 5 256 175 281 293 -1 -1 -1 -1 
24 19 6 583 98 31 26 -1 -1 -1 -1 
24 19 10 483 124 58 27 -1 -1 -1 -1 
24 19 11 539 121 99 41 -1 -1 -1 -1 
24 19 12 132 151 120 59 -1 -1 -1 -1 
24 19 15 0 186 86 171 -1 -1 -1 -1 
24 19 21 85 153 27 16 -1 -1 -1 -1 
24 19 22 301 130 21 19 -1 -1 -1 -1 
24 19 31 311 131 46 28 -1 -1 -1 -1 
24 19 36 13 153 33 21 -1 -1 -1 -1 
25 19 1 509 146 130 246 -1 -1 -1 -1 
25 19 2 63 182 96 151 -1 -1 -1 -1 
25 19 3 115 203 147 276 -1 -1 -1 -1 
25 19 4 357 147 113 54 -1 -1 -1 -1 
25 19 5 256 178 273 288 -1 -1 -1 -1 
25 19 6 585 101 30 25 -1 -1 -1 -1 
25 19 10 483 127 55 27 -1 -1 -1 -1 
25 19 12 132 154 122 60 -1 -1 -1 -1 
25 19 15 0 191 80 167 -1 -1 -1 -1 
25 19 21 85 156 27 16 -1 -1 -1 -1 
25 19 22 301 134 22 18 -1 -1 -1 -1 
25 19 36 13 155 34 23 -1 -1 -1 -1 
25 19 39 608 124 31 35 -1 -1 -1 -1 
26 19 1 507 146 132 246 -1 -1 -1 -1 
26 19 2 63 182 94 148 -1 -1 -1 -1 
26 19 3 113 203 145 275 -1 -1 -1 -1 
26 19 4 352 146 115 57 -1 -1 -1 -1 
26 19 5 253 179 299 285 -1 -1 -1 -1 
26 19 6 585 103 29 25 -1 -1 -1 -1 
26 19 10 481 132 46 24 -1 -1 -1 -1 
26 19 12 125 153 124 63 -1 -1 -1 -1 
26 19 15 0 190 79 165 -1 -1 -1 -1 
26 19 21 86 158 27 16 -1 -1 -1 -1 
26 19 22 300 134 22 18 -1 -1 -1 -1 
26 19 36 12 153 34 23 -1 -1 -1 -1 
27 19 1 505 140 134 248 -1 -1 -1 -1 
27 19 2 62 182 91 147 -1 -1 -1 -1 
27 19 3 111 200 145 278 -1 -1 -1 -1 
27 19 4 348 144 117 59 -1 -1 -1 -1 
27 19 5 252 179 293 281 -1 -1 -1 -1 
27 19 6 585 103 26 24 -1 -1 -1 -1 
27 19 10 479 132 45 23 -1 -1 -1 -1 
27 19 12 125 151 124 64 -1 -1 -1 -1 
27 19 15 0 190 76 165 -1 -1 -1 -1 
27 19 21 81 156 27 16 -1 -1 -1 -1 
27 19 22 299 135 19 16 -1 -1 -1 -1 
27 19 31 305 135 48 27 -1 -1 -1 -1 
27 19 36 10 154 35 23 -1 -1 -1 -1 
27 19 39 598 125 41 34 -1 -1 -1 -1 
28 19 1 504 140 135 244 -1 -1 -1 -1 
28 19 2 59 182 95 148 -1 -1 -1 -1 
28 19 3 111 201 144 278 -1 -1 -1 -1 
28 19 4 346 143 121 60 -1 -1 -1 -1 
28 19 5 255 181 262 280 -1 -1 -1 -1 
28 19 6 581 102 31 25 -1 -1 -1 -1 
28 19 10 480 131 43 23 -1 -1 -1 -1 
28 19 12 118 151 129 65 -1 -1 -1 -1 
28 19 15 0 194 74 162 -1 -1 -1 -1 
28 19 20 161 137 22 23 -1 -1 -1 -1 
28 19 21 83 157 25 15 -1 -1 -1 -1 
28 19 22 300 135 19 17 -1 -1 -1 -1 
28 19 31 307 136 46 27 -1 -1 -1 -1 
28 19 36 10 155 35 22 -1 -1 -1 -1 
28 19 38 215 161 127 106 -1 -1 -1 -1 
28 19 39 595 127 44 32 -1 -1 -1 -1 
29 19 1 505 140 134 238 -1 -1 -1 -1 
29 19 2 64 183 91 149 -1 -1 -1 -1 
29 19 3 114 203 143 276 -1 -1 -1 -1 
29 19 4 347 143 122 59 -1 -1 -1 -1 
29 19 5 255 181 280 283 -1 -1 -1 -1 
29 19 6 585 102 28 24 -1 -1 -1 -1 
29 19 10 480 132 42 24 -1 -1 -1 -1 
29 19 12 118 151 129 66 -1 -1 -1 -1 
29 19 15 0 197 77 160 -1 -1 -1 -1 
29 19 20 164 139 20 21 -1 -1 -1 -1 
29 19 21 85 158 26 16 -1 -1 -1 -1 
29 19 22 300 136 19 18 -1 -1 -1 -1 
29 19 24 446 123 36 12 -1 -1 -1 -1 
29 19 31 309 137 46 26 -1 -1 -1 -1 
29 19 36 13 157 34 21 -1 -1 -1 -1 
30 19 1 503 133 136 238 -1 -1 -1 -1 
30 19 2 64 182 90 147 -1 -1 -1 -1 
30 19 3 114 199 143 279 -1 -1 -1 -1 
30 19 4 348 142 122 58 -1 -1 -1 -1 
30 19 5 256 178 279 285 -1 -1 -1 -1 
30 19 6 585 100 31 24 -1 -1 -1 -1 
30 19 10 484 130 44 23 -1 -1 -1 -1 
30 19 12 116 149 131 67 -1 -1 -1 -1 
30 19 15 0 197 77 159 -1 -1 -1 -1 
30 19 20 164 140 21 22 -1 -1 -1 -1 
30 19 21 86 156 26 17 -1 -1 -1 -1 
30 19 24 450 121 35 13 -1 -1 -1 -1 
30 19 31 308 136 47 26 -1 -1 -1 -1 
30 19 36 14 154 34 23 -1 -1 -1 -1 
30 19 39 595 124 44 31 -1 -1 -1 -1 
31 19 1 501 134 138 223 -1 -1 -1 -1 
31 19 2 60 176 93 146 -1 -1 -1 -1 
31 19 3 112 194 144 284 -1 -1 -1 -1 
31 19 4 344 137 125 58 -1 -1 -1 -1 
31 19 5 254 173 276 278 -1 -1 -1 -1 
31 19 6 586 96 28 23 -1 -1 -1 -1 
31 19 10 484 131 44 23 -1 -1 -1 -1 
31 19 12 121 146 171 100 -1 -1 -1 -1 
31 19 15 0 191 77 156 -1 -1 -1 -1 
31 19 20 164 129 20 22 -1 -1 -1 -1 
31 19 21 84 149 27 17 -1 -1 -1 -1 
31 19 22 302 128 20 18 -1 -1 -1 -1 
31 19 24 450 122 35 13 -1 -1 -1 -1 
31 19 31 309 129 46 26 -1 -1 -1 -1 
31 19 36 13 148 35 22 -1 -1 -1 -1 
32 19 1 499 123 140 229 -1 -1 -1 -1 
32 19 2 61 168 90 146 -1 -1 -1 -1 
32 19 3 111 188 143 290 -1 -1 -1 -1 
32 19 4 342 134 127 54 -1 -1 -1 -1 
32 19 5 255 166 271 282 -1 -1 -1 -1 
32 19 6 586 92 28 24 -1 -1 -1 -1 
32 19 12 108 137 141 72 -1 -1 -1 -1 
32 19 15 0 185 72 156 -1 -1 -1 -1 
32 19 20 164 129 21 22 -1 -1 -1 -1 
32 19 21 84 142 28 17 -1 -1 -1 -1 
32 19 22 302 122 21 18 -1 -1 -1 -1 
32 19 31 309 126 45 24 -1 -1 -1 -1 
32 19 36 12 140 35 23 -1 -1 -1 -1 
32 19 39 588 115 50 30 -1 -1 -1 -1 
32 19 46 588 137 51 30 -1 -1 -1 -1 
33 19 1 496 118 143 227 -1 -1 -1 -1 
33 19 2 62 164 89 142 -1 -1 -1 -1 
33 19 3 110 183 144 295 -1 -1 -1 -1 
33 19 4 342 128 125 56 -1 -1 -1 -1 
33 19 5 253 163 246 283 -1 -1 -1 -1 
33 19 6 586 87 29 24 -1 -1 -1 -1 
33 19 12 140 134 100 68 -1 -1 -1 -1 
33 19 15 0 180 75 156 -1 -1 -1 -1 
33 19 20 164 118 21 23 -1 -1 -1 -1 
33 19 21 84 139 27 16 -1 -1 -1 -1 
33 19 22 303 122 20 17 -1 -1 -1 -1 
33 19 24 452 107 31 12 -1 -1 -1 -1 
33 19 31 309 126 45 23 -1 -1 -1 -1 
33 19 36 12 137 35 23 -1 -1 -1 -1 
33 19 39 584 111 55 29 -1 -1 -1 -1 
34 19 1 495 126 144 215 -1 -1 -1 -1 
34 19 2 56 162 91 145 -1 -1 -1 -1 
34 19 3 105 176 144 302 -1 -1 -1 -1 
34 19 4 325 127 139 56 -1 -1 -1 -1 
34 19 5 248 159 260 285 -1 -1 -1 -1 
34 19 6 583 84 26 23 -1 -1 -1 -1 
34 19 11 491 108 111 48 -1 -1 -1 -1 
34 19 12 103 132 131 66 -1 -1 -1 -1 
34 19 15 0 173 73 159 -1 -1 -1 -1 
34 19 20 159 116 21 21 -1 -1 -1 -1 
34 19 21 79 136 27 16 -1 -1 -1 -1 
34 19 22 297 115 20 17 -1 -1 -1 -1 
34 19 24 448 103 31 13 -1 -1 -1 -1 
34 19 31 306 119 45 24 -1 -1 -1 -1 
34 19 36 7 136 34 20 -1 -1 -1 -1 
34 19 39 583 110 54 28 -1 -1 -1 -1 
34 19 46 579 126 60 38 -1 -1 -1 -1 
35 19 1 496 122 142 216 -1 -1 -1 -1 
35 19 2 55 158 94 142 -1 -1 -1 -1 
35 19 3 103 173 146 305 -1 -1 -1 -1 
35 19 4 328 126 133 54 -1 -1 -1 -1 
35 19 5 248 157 258 286 -1 -1 -1 -1 
35 19 6 578 82 29 24 -1 -1 -1 -1 
35 19 11 487 107 113 50 -1 -1 -1 -1 
35 19 12 95 131 136 65 -1 -1 -1 -1 
35 19 15 2 171 65 159 -1 -1 -1 -1 
35 19 20 159 115 20 20 -1 -1 -1 -1 
35 19 21 78 133 26 16 -1 -1 -1 -1 
35 19 22 296 113 20 18 -1 -1 -1 -1 
35 19 24 446 101 32 13 -1 -1 -1 -1 
35 19 31 303 116 47 25 -1 -1 -1 -1 
36 19 1 491 120 148 221 -1 -1 -1 -1 
36 19 2 53 157 98 141 -1 -1 -1 -1 
36 19 3 100 170 145 308 -1 -1 -1 -1 
36 19 4 326 126 131 55 -1 -1 -1 -1 
36 19 5 244 156 256 287 -1 -1 -1 -1 
36 19 6 578 81 29 24 -1 -1 -1 -1 
36 19 12 87 130 142 63 -1 -1 -1 -1 
36 19 15 0 170 77 157 -1 -1 -1 -1 
36 19 21 76 131 28 17 -1 -1 -1 -1 
36 19 22 293 111 22 19 -1 -1 -1 -1 
36 19 24 446 101 30 12 -1 -1 -1 -1 
36 19 31 301 115 46 24 -1 -1 -1 -1 
36 19 36 2 133 35 19 -1 -1 -1 -1 
36 19 46 571 123 68 45 -1 -1 -1 -1 
37 19 1 486 121 153 218 -1 -1 -1 -1 
37 19 2 47 155 98 146 -1 -1 -1 -1 
37 19 3 93 174 149 305 -1 -1 -1 -1 
37 19 4 322 121 129 58 -1 -1 -1 -1 
37 19 5 240 155 252 290 -1 -1 -1 -1 
37 19 6 573 81 27 23 -1 -1 -1 -1 
37 19 12 82 128 141 62 -1 -1 -1 -1 
37 19 15 5 167 55 158 -1 -1 -1 -1 
37 19 21 70 126 28 18 -1 -1 -1 -1 
37 19 22 288 109 22 18 -1 -1 -1 -1 
37 19 24 441 100 30 12 -1 -1 -1 -1 
37 19 31 300 113 47 25 -1 -1 -1 -1 
37 19 36 0 129 32 18 -1 -1 -1 -1 
37 19 38 204 133 135 102 -1 -1 -1 -1 
37 19 46 572 129 63 112 -1 -1 -1 -1 
38 19 1 475 117 164 223 -1 -1 -1 -1 
38 19 2 44 157 95 147 -1 -1 -1 -1 
38 19 3 91 176 150 303 -1 -1 -1 -1 
38 19 4 320 123 131 59 -1 -1 -1 -1 
38 19 5 239 156 247 290 -1 -1 -1 -1 
38 19 6 571 83 27 23 -1 -1 -1 -1 
38 19 12 75 129 144 64 -1 -1 -1 -1 
38 19 15 0 172 81 149 -1 -1 -1 -1 
38 19 21 67 129 29 17 -1 -1 -1 -1 
38 19 22 287 112 21 17 -1 -1 -1 -1 
38 19 24 441 103 28 11 -1 -1 -1 -1 
38 19 36 0 130 29 19 -1 -1 -1 -1 
38 19 38 203 135 121 105 -1 -1 -1 -1 
38 19 46 569 124 70 123 -1 -1 -1 -1 
38 19 49 591 105 40 25 -1 -1 -1 -1 
39 19 1 483 121 156 219 -1 -1 -1 -1 
39 19 2 40 158 95 143 -1 -1 -1 -1 
39 19 3 92 176 151 303 -1 -1 -1 -1 
39 19 4 320 125 134 61 -1 -1 -1 -1 
39 19 5 238 157 244 289 -1 -1 -1 -1 
39 19 6 571 84 27 22 -1 -1 -1 -1 
39 19 12 73 130 145 66 -1 -1 -1 -1 
39 19 15 0 174 86 146 -1 -1 -1 -1 
39 19 21 67 132 29 17 -1 -1 -1 -1 
39 19 22 287 112 20 18 -1 -1 -1 -1 
39 19 24 440 103 27 10 -1 -1 -1 -1 
39 19 36 0 131 29 20 -1 -1 -1 -1 
39 19 38 202 136 128 106 -1 -1 -1 -1 
39 19 46 567 123 72 136 -1 -1 -1 -1 
39 19 49 588 105 46 25 -1 -1 -1 -1 
40 19 1 479 117 160 222 -1 -1 -1 -1 
40 19 2 39 158 95 142 -1 -1 -1 -1 
40 19 3 91 177 151 302 -1 -1 -1 -1 
40 19 4 328 125 127 63 -1 -1 -1 -1 
40 19 5 237 157 238 287 -1 -1 -1 -1 
40 19 6 571 81 26 23 -1 -1 -1 -1 
40 19 12 69 129 148 66 -1 -1 -1 -1 
40 19 15 0 174 84 143 -1 -1 -1 -1 
40 19 21 66 131 29 17 -1 -1 -1 -1 
40 19 22 285 112 21 18 -1 -1 -1 -1 
40 19 24 439 102 28 10 -1 -1 -1 -1 
40 19 36 0 130 29 22 -1 -1 -1 -1 
40 19 38 201 134 136 107 -1 -1 -1 -1 
40 19 46 566 123 71 144 -1 -1 -1 -1 
40 19 49 584 103 47 26 -1 -1 -1 -1 
41 19 1 469 110 159 226 -1 -1 -1 -1 
41 19 2 27 154 105 97 -1 -1 -1 -1 
41 19 3 84 174 148 304 -1 -1 -1 -1 
41 19 4 310 122 137 58 -1 -1 -1 -1 
41 19 5 229 154 235 285 -1 -1 -1 -1 
41 19 6 563 78 28 23 -1 -1 -1 -1 
41 19 12 61 125 149 68 -1 -1 -1 -1 
41 19 15 1 172 77 142 -1 -1 -1 -1 
41 19 21 65 131 28 16 -1 -1 -1 -1 
41 19 22 280 108 21 18 -1 -1 -1 -1 
41 19 24 438 101 28 11 -1 -1 -1 -1 
41 19 36 0 127 23 22 -1 -1 -1 -1 
41 19 38 196 133 127 106 -1 -1 -1 -1 
42 19 1 458 112 165 226 -1 -1 -1 -1 
42 19 2 7 158 107 90 -1 -1 -1 -1 
42 19 3 68 177 146 302 -1 -1 -1 -1 
42 19 4 290 125 138 60 -1 -1 -1 -1 
42 19 5 213 156 233 286 -1 -1 -1 -1 
42 19 6 549 79 27 23 -1 -1 -1 -1 
42 19 12 45 127 151 68 -1 -1 -1 -1 
42 19 15 6 176 58 134 -1 -1 -1 -1 
42 19 20 128 113 19 18 -1 -1 -1 -1 
42 19 22 266 111 22 19 -1 -1 -1 -1 
42 19 24 421 101 26 10 -1 -1 -1 -1 
42 19 36 0 126 21 21 -1 -1 -1 -1 
42 19 38 194 131 128 107 -1 -1 -1 -1 
42 19 49 571 96 49 29 -1 -1 -1 -1 
43 19 1 448 124 159 214 -1 -1 -1 -1 
43 19 2 4 158 104 84 -1 -1 -1 -1 
43 19 3 51 181 149 297 -1 -1 -1 -1 
43 19 4 266 128 162 91 -1 -1 -1 -1 
43 19 5 196 157 232 286 -1 -1 -1 -1 
43 19 6 535 84 25 23 -1 -1 -1 -1 
43 19 12 40 130 139 72 -1 -1 -1 -1 
43 19 15 0 161 87 146 -1 -1 -1 -1 
43 19 20 125 112 20 19 -1 -1 -1 -1 
43 19 22 251 113 21 19 -1 -1 -1 -1 
43 19 24 406 104 26 11 -1 -1 -1 -1 
43 19 49 540 105 38 27 -1 -1 -1 -1 
43 19 52 503 113 136 164 -1 -1 -1 -1 
44 19 1 428 119 160 220 -1 -1 -1 -1 
44 19 3 38 182 155 296 -1 -1 -1 -1 
44 19 4 262 130 145 88 -1 -1 -1 -1 
44 19 5 153 147 261 305 -1 -1 -1 -1 
44 19 6 523 87 23 23 -1 -1 -1 -1 
44 19 10 344 107 34 18 -1 -1 -1 -1 
44 19 12 10 132 156 74 -1 -1 -1 -1 
44 19 15 0 166 82 163 -1 -1 -1 -1 
44 19 22 239 116 21 18 -1 -1 -1 -1 
44 19 24 401 103 27 12 -1 -1 -1 -1 
44 19 49 531 106 37 26 -1 -1 -1 -1 
44 19 52 490 116 149 162 -1 -1 -1 -1 
45 19 1 426 124 149 218 -1 -1 -1 -1 
45 19 3 36 191 151 287 -1 -1 -1 -1 
45 19 4 259 135 141 91 -1 -1 -1 -1 
45 19 5 151 163 261 284 -1 -1 -1 -1 
45 19 6 513 91 27 23 -1 -1 -1 -1 
45 19 10 336 106 32 17 -1 -1 -1 -1 
45 19 12 5 138 154 74 -1 -1 -1 -1 
45 19 15 0 165 85 165 -1 -1 -1 -1 
45 19 22 233 117 21 18 -1 -1 -1 -1 
45 19 38 149 146 122 105 -1 -1 -1 -1 
45 19 49 519 111 51 27 -1 -1 -1 -1 
46 19 1 426 123 173 219 -1 -1 -1 -1 
46 19 3 35 192 148 286 -1 -1 -1 -1 
46 19 4 259 132 142 87 -1 -1 -1 -1 
46 19 5 175 165 236 283 -1 -1 -1 -1 
46 19 6 515 90 24 22 -1 -1 -1 -1 
46 19 12 14 138 143 73 -1 -1 -1 -1 
46 19 22 232 122 21 18 -1 -1 -1 -1 
46 19 38 143 147 122 105 -1 -1 -1 -1 
46 19 49 509 113 53 27 -1 -1 -1 -1 
46 19 52 480 120 159 158 -1 -1 -1 -1 
46 19 53 558 83 46 31 -1 -1 -1 -1 
47 19 1 413 122 186 219 -1 -1 -1 -1 
47 19 3 28 191 155 287 -1 -1 -1 -1 
47 19 4 242 132 147 91 -1 -1 -1 -1 
47 19 5 166 166 223 286 -1 -1 -1 -1 
47 19 6 507 88 27 22 -1 -1 -1 -1 
47 19 12 1 138 151 73 -1 -1 -1 -1 
47 19 22 227 123 21 18 -1 -1 -1 -1 
47 19 24 380 109 29 12 -1 -1 -1 -1 
47 19 52 472 116 167 164 -1 -1 -1 -1 
47 19 53 554 81 45 31 -1 -1 -1 -1 
48 19 1 420 131 164 211 -1 -1 -1 -1 
48 19 3 25 192 148 286 -1 -1 -1 -1 
48 19 4 246 133 137 94 -1 -1 -1 -1 
48 19 5 138 159 253 291 -1 -1 -1 -1 
48 19 6 501 89 27 21 -1 -1 -1 -1 
48 19 12 8 139 138 73 -1 -1 -1 -1 
48 19 24 375 110 29 11 -1 -1 -1 -1 
48 19 52 465 116 174 165 -1 -1 -1 -1 
48 19 53 545 83 47 30 -1 -1 -1 -1 
48 19 58 1 172 68 223 -1 -1 -1 -1 
49 19 1 418 134 155 207 -1 -1 -1 -1 
49 19 3 23 195 146 284 -1 -1 -1 -1 
49 19 4 243 135 133 89 -1 -1 -1 -1 
49 19 5 135 154 246 304 -1 -1 -1 -1 
49 19 6 499 90 27 22 -1 -1 -1 -1 
49 19 12 6 142 137 72 -1 -1 -1 -1 
49 19 22 220 125 21 19 -1 -1 -1 -1 
49 19 24 373 112 27 11 -1 -1 -1 -1 
49 19 52 471 121 168 160 -1 -1 -1 -1 
49 19 53 544 84 47 31 -1 -1 -1 -1 
49 19 58 0 173 70 237 -1 -1 -1 -1 
50 19 1 416 136 129 207 -1 -1 -1 -1 
50 19 3 19 195 153 283 -1 -1 -1 -1 
50 19 4 237 137 131 65 -1 -1 -1 -1 
50 19 5 151 168 222 295 -1 -1 -1 -1 
50 19 6 496 91 28 22 -1 -1 -1 -1 
50 19 12 5 144 135 70 -1 -1 -1 -1 
50 19 22 216 126 20 18 -1 -1 -1 -1 
50 19 24 368 113 28 11 -1 -1 -1 -1 
50 19 38 127 151 116 98 -1 -1 -1 -1 
50 19 52 462 123 175 158 -1 -1 -1 -1 
51 19 1 413 135 157 209 -1 -1 -1 -1 
51 19 3 16 194 153 284 -1 -1 -1 -1 
51 19 4 239 138 123 66 -1 -1 -1 -1 
51 19 5 146 169 251 299 -1 -1 -1 -1 
51 19 6 492 92 28 21 -1 -1 -1 -1 
51 19 12 1 145 135 70 -1 -1 -1 -1 
51 19 38 125 152 115 92 -1 -1 -1 -1 
51 19 52 463 124 171 159 -1 -1 -1 -1 
51 19 53 538 86 47 30 -1 -1 -1 -1 
52 19 1 410 136 140 205 -1 -1 -1 -1 
52 19 3 13 194 160 284 -1 -1 -1 -1 
52 19 4 238 139 121 96 -1 -1 -1 -1 
52 19 5 132 166 262 287 -1 -1 -1 -1 
52 19 6 490 93 28 22 -1 -1 -1 -1 
52 19 12 0 145 133 68 -1 -1 -1 -1 
52 19 24 367 115 25 10 -1 -1 -1 -1 
52 19 31 220 129 45 27 -1 -1 -1 -1 
52 19 38 122 152 116 88 -1 -1 -1 -1 
52 19 52 461 127 173 162 -1 -1 -1 -1 
52 19 53 536 88 46 29 -1 -1 -1 -1 
52 19 58 1 173 57 227 -1 -1 -1 -1 
52 19 61 528 109 101 20 -1 -1 -1 -1 
53 19 1 411 135 151 206 -1 -1 -1 -1 
53 19 3 16 194 160 284 -1 -1 -1 -1 
53 19 4 235 137 127 100 -1 -1 -1 -1 
53 19 5 125 154 271 300 -1 -1 -1 -1 
53 19 6 490 91 29 22 -1 -1 -1 -1 
53 19 12 1 146 131 70 -1 -1 -1 -1 
53 19 24 366 114 27 11 -1 -1 -1 -1 
53 19 31 220 129 47 27 -1 -1 -1 -1 
53 19 38 118 153 114 86 -1 -1 -1 -1 
53 19 52 459 122 175 167 -1 -1 -1 -1 
53 19 53 538 85 45 30 -1 -1 -1 -1 
53 19 58 0 173 57 234 -1 -1 -1 -1 
54 19 1 411 136 150 205 -1 -1 -1 -1 
54 19 3 14 194 160 285 -1 -1 -1 -1 
54 19 4 234 137 128 104 -1 -1 -1 -1 
54 19 5 124 156 265 297 -1 -1 -1 -1 
54 19 6 491 92 29 21 -1 -1 -1 -1 
54 19 12 1 147 131 69 -1 -1 -1 -1 
54 19 22 215 128 19 18 -1 -1 -1 -1 
54 19 24 367 114 26 11 -1 -1 -1 -1 
54 19 31 219 129 49 28 -1 -1 -1 -1 
54 19 52 455 123 172 163 -1 -1 -1 -1 
54 19 53 541 86 42 28 -1 -1 -1 -1 
54 19 58 0 174 56 219 -1 -1 -1 -1 
54 19 61 532 106 95 20 -1 -1 -1 -1 
55 19 1 409 137 130 201 -1 -1 -1 -1 
55 19 3 9 191 152 287 -1 -1 -1 -1 
55 19 4 233 135 126 106 -1 -1 -1 -1 
55 19 5 125 156 244 295 -1 -1 -1 -1 
55 19 6 488 92 30 20 -1 -1 -1 -1 
55 19 12 1 143 126 69 -1 -1 -1 -1 
55 19 22 211 125 21 19 -1 -1 -1 -1 
55 19 24 364 113 28 12 -1 -1 -1 -1 
55 19 31 218 128 47 27 -1 -1 -1 -1 
55 19 38 120 150 122 80 -1 -1 -1 -1 
55 19 52 451 124 162 160 -1 -1 -1 -1 
55 19 53 538 87 43 28 -1 -1 -1 -1 
55 19 58 0 174 55 223 -1 -1 -1 -1 
55 19 61 529 106 93 22 -1 -1 -1 -1 
56 19 1 409 135 139 209 -1 -1 -1 -1 
56 19 3 9 190 156 288 -1 -1 -1 -1 
56 19 4 235 135 123 109 -1 -1 -1 -1 
56 19 5 120 150 247 301 -1 -1 -1 -1 
56 19 6 488 92 31 19 -1 -1 -1 -1 
56 19 12 0 141 124 70 -1 -1 -1 -1 
56 19 22 212 124 19 18 -1 -1 -1 -1 
56 19 24 364 112 29 12 -1 -1 -1 -1 
56 19 31 214 124 54 25 -1 -1 -1 -1 
56 19 38 118 151 121 77 -1 -1 -1 -1 
56 19 52 455 124 162 162 -1 -1 -1 -1 
56 19 53 536 88 44 26 -1 -1 -1 -1 
56 19 61 530 107 90 21 -1 -1 -1 -1 
56 19 65 576 115 63 79 -1 -1 -1 -1 
57 19 1 409 137 128 206 -1 -1 -1 -1 
57 19 3 10 194 165 285 -1 -1 -1 -1 
57 19 4 236 136 124 114 -1 -1 -1 -1 
57 19 5 132 165 232 288 -1 -1 -1 -1 
57 19 6 489 93 31 18 -1 -1 -1 -1 
57 19 12 0 143 125 71 -1 -1 -1 -1 
57 19 22 209 124 20 19 -1 -1 -1 -1 
57 19 24 365 114 28 11 -1 -1 -1 -1 
57 19 31 219 129 48 25 -1 -1 -1 -1 
57 19 38 122 151 133 75 -1 -1 -1 -1 
57 19 52 446 125 170 162 -1 -1 -1 -1 
57 19 53 535 88 48 27 -1 -1 -1 -1 
57 19 58 0 171 54 206 -1 -1 -1 -1 
57 19 61 532 108 88 21 -1 -1 -1 -1 
57 19 65 573 115 66 84 -1 -1 -1 -1 
57 19 66 388 113 107 84 -1 -1 -1 -1 
58 19 1 409 138 127 204 -1 -1 -1 -1 
58 19 3 8 190 165 288 -1 -1 -1 -1 
58 19 4 235 136 125 119 -1 -1 -1 -1 
58 19 5 128 160 225 293 -1 -1 -1 -1 
58 19 6 491 95 31 17 -1 -1 -1 -1 
58 19 12 0 142 124 71 -1 -1 -1 -1 
58 19 20 74 126 19 17 -1 -1 -1 -1 
58 19 24 366 114 28 12 -1 -1 -1 -1 
58 19 31 213 125 56 22 -1 -1 -1 -1 
58 19 38 121 150 133 74 -1 -1 -1 -1 
58 19 52 449 127 157 163 -1 -1 -1 -1 
58 19 53 539 91 44 26 -1 -1 -1 -1 
58 19 58 0 167 56 219 -1 -1 -1 -1 
58 19 61 532 109 86 20 -1 -1 -1 -1 
58 19 65 572 117 67 118 -1 -1 -1 -1 
59 19 1 407 138 125 208 -1 -1 -1 -1 
59 19 3 6 187 161 291 -1 -1 -1 -1 
59 19 4 236 135 123 119 -1 -1 -1 -1 
59 19 5 120 149 227 304 -1 -1 -1 -1 
59 19 6 489 96 31 16 -1 -1 -1 -1 
59 19 12 1 138 121 82 -1 -1 -1 -1 
59 19 20 70 126 20 18 -1 -1 -1 -1 
59 19 24 364 112 30 13 -1 -1 -1 -1 
59 19 31 219 127 47 24 -1 -1 -1 -1 
59 19 38 120 150 132 72 -1 -1 -1 -1 
59 19 52 452 128 138 162 -1 -1 -1 -1 
59 19 53 538 92 45 26 -1 -1 -1 -1 
60 19 1 409 138 127 210 -1 -1 -1 -1 
60 19 3 7 188 162 291 -1 -1 -1 -1 
60 19 4 243 135 117 121 -1 -1 -1 -1 
60 19 5 124 162 220 294 -1 -1 -1 -1 
60 19 6 494 96 27 15 -1 -1 -1 -1 
60 19 12 0 139 124 83 -1 -1 -1 -1 
60 19 22 214 124 21 19 -1 -1 -1 -1 
60 19 24 364 113 32 13 -1 -1 -1 -1 
60 19 31 220 128 47 25 -1 -1 -1 -1 
60 19 38 121 149 139 72 -1 -1 -1 -1 
60 19 49 472 109 67 30 -1 -1 -1 -1 
60 19 52 452 127 134 163 -1 -1 -1 -1 
60 19 53 540 92 43 25 -1 -1 -1 -1 
60 19 65 561 119 78 132 -1 -1 -1 -1 
61 19 1 410 138 128 210 -1 -1 -1 -1 
61 19 3 6 190 168 289 -1 -1 -1 -1 
61 19 4 251 136 112 121 -1 -1 -1 -1 
61 19 5 124 164 216 290 -1 -1 -1 -1 
61 19 6 495 97 30 15 -1 -1 -1 -1 
61 19 12 0 140 125 70 -1 -1 -1 -1 
61 19 22 217 124 20 19 -1 -1 -1 -1 
61 19 24 370 114 30 13 -1 -1 -1 -1 
61 19 31 223 128 49 26 -1 -1 -1 -1 
61 19 38 119 148 145 72 -1 -1 -1 -1 
61 19 49 469 108 67 31 -1 -1 -1 -1 
61 19 52 453 128 133 162 -1 -1 -1 -1 
61 19 53 545 92 42 26 -1 -1 -1 -1 
61 19 61 527 114 88 19 -1 -1 -1 -1 
61 19 65 562 120 77 128 -1 -1 -1 -1 
61 19 66 381 120 76 80 -1 -1 -1 -1 
62 19 1 406 137 131 208 -1 -1 -1 -1 
62 19 3 2 181 168 297 -1 -1 -1 -1 
62 19 4 251 132 109 121 -1 -1 -1 -1 
62 19 5 119 146 215 308 -1 -1 -1 -1 
62 19 6 492 95 32 15 -1 -1 -1 -1 
62 19 12 1 132 120 72 -1 -1 -1 -1 
62 19 22 215 118 20 18 -1 -1 -1 -1 
62 19 24 366 110 31 12 -1 -1 -1 -1 
62 19 31 220 122 50 25 -1 -1 -1 -1 
62 19 38 119 148 144 70 -1 -1 -1 -1 
62 19 52 451 129 128 157 -1 -1 -1 -1 
62 19 53 542 90 43 27 -1 -1 -1 -1 
62 19 61 529 113 81 18 -1 -1 -1 -1 
62 19 65 519 119 120 134 -1 -1 -1 -1 
62 19 66 378 122 73 78 -1 -1 -1 -1 
63 19 1 409 133 166 216 -1 -1 -1 -1 
63 19 3 4 184 168 295 -1 -1 -1 -1 
63 19 4 247 131 115 123 -1 -1 -1 -1 
63 19 5 122 144 217 312 -1 -1 -1 -1 
63 19 6 496 94 29 14 -1 -1 -1 -1 
63 19 12 0 134 123 77 -1 -1 -1 -1 
63 19 20 78 117 19 18 -1 -1 -1 -1 
63 19 22 217 118 20 18 -1 -1 -1 -1 
63 19 24 370 110 28 11 -1 -1 -1 -1 
63 19 31 225 123 48 25 -1 -1 -1 -1 
63 19 52 447 129 129 161 -1 -1 -1 -1 
63 19 53 543 90 44 26 -1 -1 -1 -1 
63 19 61 530 112 79 16 -1 -1 -1 -1 
63 19 65 529 116 110 132 -1 -1 -1 -1 
64 19 1 410 137 131 212 -1 -1 -1 -1 
64 19 3 5 184 164 294 -1 -1 -1 -1 
64 19 4 256 133 109 120 -1 -1 -1 -1 
64 19 5 121 150 219 300 -1 -1 -1 -1 
64 19 6 500 95 29 17 -1 -1 -1 -1 
64 19 12 0 135 125 73 -1 -1 -1 -1 
64 19 20 78 116 19 19 -1 -1 -1 -1 
64 19 22 221 120 21 18 -1 -1 -1 -1 
64 19 24 375 111 28 12 -1 -1 -1 -1 
64 19 31 229 124 49 27 -1 -1 -1 -1 
64 19 52 455 130 120 156 -1 -1 -1 -1 
64 19 53 547 90 44 26 -1 -1 -1 -1 
64 19 61 530 114 81 17 -1 -1 -1 -1 
64 19 65 558 118 81 120 -1 -1 -1 -1 
65 19 1 403 135 140 205 -1 -1 -1 -1 
65 19 3 1 178 161 300 -1 -1 -1 -1 
65 19 4 248 130 112 120 -1 -1 -1 -1 
65 19 5 112 154 234 295 -1 -1 -1 -1 
65 19 6 500 95 29 17 -1 -1 -1 -1 
65 19 12 1 130 118 72 -1 -1 -1 -1 
65 19 20 78 113 18 19 -1 -1 -1 -1 
65 19 22 217 116 21 18 -1 -1 -1 -1 
65 19 24 370 109 29 12 -1 -1 -1 -1 
65 19 31 223 120 49 25 -1 -1 -1 -1 
65 19 52 449 121 190 163 -1 -1 -1 -1 
65 19 53 541 89 48 27 -1 -1 -1 -1 
65 19 61 530 114 80 18 -1 -1 -1 -1 
65 19 65 556 117 83 126 -1 -1 -1 -1 
66 19 1 407 132 134 212 -1 -1 -1 -1 
66 19 3 1 181 166 297 -1 -1 -1 -1 
66 19 4 232 129 133 122 -1 -1 -1 -1 
66 19 5 111 160 234 290 -1 -1 -1 -1 
66 19 6 497 90 30 18 -1 -1 -1 -1 
66 19 12 0 130 118 72 -1 -1 -1 -1 
66 19 20 78 112 18 19 -1 -1 -1 -1 
66 19 22 218 115 22 19 -1 -1 -1 -1 
66 19 24 373 107 26 12 -1 -1 -1 -1 
66 19 31 226 120 46 24 -1 -1 -1 -1 
66 19 52 446 120 193 166 -1 -1 -1 -1 
66 19 53 546 86 42 26 -1 -1 -1 -1 
66 19 61 537 109 66 16 -1 -1 -1 -1 
66 19 65 538 115 101 126 -1 -1 -1 -1 
67 19 1 405 134 123 211 -1 -1 -1 -1 
67 19 3 0 183 161 295 -1 -1 -1 -1 
67 19 4 235 130 128 95 -1 -1 -1 -1 
67 19 5 107 161 244 290 -1 -1 -1 -1 
67 19 6 498 91 30 17 -1 -1 -1 -1 
67 19 12 0 134 118 79 -1 -1 -1 -1 
67 19 20 84 117 16 19 -1 -1 -1 -1 
67 19 22 220 118 21 19 -1 -1 -1 -1 
67 19 24 373 108 29 13 -1 -1 -1 -1 
67 19 31 228 121 45 25 -1 -1 -1 -1 
67 19 52 455 115 183 171 -1 -1 -1 -1 
67 19 53 545 87 46 27 -1 -1 -1 -1 
67 19 61 539 111 63 15 -1 -1 -1 -1 
67 19 65 534 114 105 131 -1 -1 -1 -1 
68 19 1 398 132 127 208 -1 -1 -1 -1 
68 19 3 0 179 154 299 -1 -1 -1 -1 
68 19 4 246 128 108 87 -1 -1 -1 -1 
68 19 5 99 154 250 294 -1 -1 -1 -1 
68 19 6 495 90 28 18 -1 -1 -1 -1 
68 19 12 0 129 113 78 -1 -1 -1 -1 
68 19 20 78 114 14 19 -1 -1 -1 -1 
68 19 22 215 116 22 18 -1 -1 -1 -1 
68 19 24 369 106 29 13 -1 -1 -1 -1 
68 19 31 222 119 47 25 -1 -1 -1 -1 
68 19 52 514 115 125 167 -1 -1 -1 -1 
68 19 53 541 87 44 26 -1 -1 -1 -1 
68 19 61 539 111 62 15 -1 -1 -1 -1 
69 19 1 397 130 121 210 -1 -1 -1 -1 
69 19 3 0 179 154 300 -1 -1 -1 -1 
69 19 4 243 127 109 85 -1 -1 -1 -1 
69 19 5 93 158 255 292 -1 -1 -1 -1 
69 19 6 492 86 31 18 -1 -1 -1 -1 
69 19 12 0 128 112 75 -1 -1 -1 -1 
69 19 20 78 114 13 18 -1 -1 -1 -1 
69 19 22 215 114 20 18 -1 -1 -1 -1 
69 19 24 366 104 31 12 -1 -1 -1 -1 
69 19 31 220 117 49 26 -1 -1 -1 -1 
69 19 52 459 111 180 152 -1 -1 -1 -1 
69 19 53 541 83 43 26 -1 -1 -1 -1 
70 19 1 393 129 120 212 -1 -1 -1 -1 
70 19 3 0 179 151 300 -1 -1 -1 -1 
70 19 4 242 126 109 84 -1 -1 -1 -1 
70 19 5 87 159 259 291 -1 -1 -1 -1 
70 19 6 494 86 28 18 -1 -1 -1 -1 
70 19 12 0 129 112 68 -1 -1 -1 -1 
70 19 22 214 113 19 18 -1 -1 -1 -1 
70 19 24 360 102 37 13 -1 -1 -1 -1 
70 19 31 220 116 47 26 -1 -1 -1 -1 
70 19 52 504 111 135 166 -1 -1 -1 -1 
70 19 53 539 82 44 26 -1 -1 -1 -1 
70 19 81 116 138 150 47 -1 -1 -1 -1 
70 19 82 444 87 20 15 -1 -1 -1 -1 
71 19 1 381 130 129 208 -1 -1 -1 -1 
71 19 3 1 180 137 299 -1 -1 -1 -1 
71 19 4 237 126 106 84 -1 -1 -1 -1 
71 19 5 78 157 251 294 -1 -1 -1 -1 
71 19 6 489 85 30 19 -1 -1 -1 -1 
71 19 12 0 129 108 66 -1 -1 -1 -1 
71 19 22 210 113 21 17 -1 -1 -1 -1 
71 19 24 363 102 29 12 -1 -1 -1 -1 
71 19 31 216 114 49 27 -1 -1 -1 -1 
71 19 52 507 108 132 166 -1 -1 -1 -1 
71 19 53 535 81 45 27 -1 -1 -1 -1 
71 19 81 110 137 149 49 -1 -1 -1 -1 
71 19 82 442 87 16 14 -1 -1 -1 -1 
72 19 1 374 130 130 212 -1 -1 -1 -1 
72 19 3 0 181 129 298 -1 -1 -1 -1 
72 19 4 237 126 102 83 -1 -1 -1 -1 
72 19 5 73 159 240 293 -1 -1 -1 -1 
72 19 6 485 85 29 21 -1 -1 -1 -1 
72 19 12 0 127 105 66 -1 -1 -1 -1 
72 19 22 207 113 20 18 -1 -1 -1 -1 
72 19 24 359 103 30 11 -1 -1 -1 -1 
72 19 31 213 115 48 27 -1 -1 -1 -1 
72 19 52 495 107 144 169 -1 -1 -1 -1 
72 19 53 532 81 43 26 -1 -1 -1 -1 
72 19 61 515 105 65 15 -1 -1 -1 -1 
72 19 81 104 138 154 50 -1 -1 -1 -1 
72 19 82 440 86 17 15 -1 -1 -1 -1 
73 19 1 377 130 119 218 -1 -1 -1 -1 
73 19 3 0 181 125 298 -1 -1 -1 -1 
73 19 4 231 128 104 84 -1 -1 -1 -1 
73 19 5 63 161 267 294 -1 -1 -1 -1 
73 19 6 482 86 30 22 -1 -1 -1 -1 
73 19 12 0 129 101 64 -1 -1 -1 -1 
73 19 20 67 113 16 20 -1 -1 -1 -1 
73 19 22 204 113 20 19 -1 -1 -1 -1 
73 19 24 357 104 30 12 -1 -1 -1 -1 
73 19 31 210 116 48 26 -1 -1 -1 -1 
73 19 52 492 109 147 169 -1 -1 -1 -1 
73 19 53 530 82 45 30 -1 -1 -1 -1 
73 19 61 507 106 67 15 -1 -1 -1 -1 
73 19 81 98 139 153 50 -1 -1 -1 -1 
73 19 82 436 88 18 15 -1 -1 -1 -1 
74 19 1 371 130 122 214 -1 -1 -1 -1 
74 19 4 233 127 96 84 -1 -1 -1 -1 
74 19 5 50 161 278 295 -1 -1 -1 -1 
74 19 6 478 86 30 23 -1 -1 -1 -1 
74 19 12 0 129 95 57 -1 -1 -1 -1 
74 19 20 62 112 17 21 -1 -1 -1 -1 
74 19 22 200 113 21 19 -1 -1 -1 -1 
74 19 24 355 104 27 11 -1 -1 -1 -1 
74 19 31 206 116 48 26 -1 -1 -1 -1 
74 19 52 488 110 151 169 -1 -1 -1 -1 
74 19 53 525 82 44 33 -1 -1 -1 -1 
74 19 61 504 105 67 16 -1 -1 -1 -1 
74 19 81 91 140 156 49 -1 -1 -1 -1 
74 19 82 435 88 16 14 -1 -1 -1 -1 
75 19 1 367 130 120 215 -1 -1 -1 -1 
75 19 3 2 183 99 270 -1 -1 -1 -1 
75 19 4 233 127 92 83 -1 -1 -1 -1 
75 19 5 44 161 278 296 -1 -1 -1 -1 
75 19 6 474 85 32 23 -1 -1 -1 -1 
75 19 12 0 129 92 55 -1 -1 -1 -1 
75 19 20 61 112 16 20 -1 -1 -1 -1 
75 19 22 198 114 19 18 -1 -1 -1 -1 
75 19 24 351 104 30 11 -1 -1 -1 -1 
75 19 31 203 116 48 27 -1 -1 -1 -1 
75 19 52 482 110 157 169 -1 -1 -1 -1 
75 19 53 523 81 42 35 -1 -1 -1 -1 
75 19 81 84 139 159 51 -1 -1 -1 -1 
76 19 1 359 131 119 213 -1 -1 -1 -1 
76 19 3 3 228 79 168 -1 -1 -1 -1 
76 19 4 228 127 91 85 -1 -1 -1 -1 
76 19 5 19 158 288 294 -1 -1 -1 -1 
76 19 6 471 86 31 22 -1 -1 -1 -1 
76 19 12 0 129 82 53 -1 -1 -1 -1 
76 19 22 193 113 20 18 -1 -1 -1 -1 
76 19 24 349 105 26 10 -1 -1 -1 -1 
76 19 31 199 114 50 28 -1 -1 -1 -1 
76 19 52 471 109 168 168 -1 -1 -1 -1 
76 19 53 517 81 44 37 -1 -1 -1 -1 
76 19 81 76 138 161 50 -1 -1 -1 -1 
76 19 87 302 105 34 16 -1 -1 -1 -1 
76 19 88 291 126 198 139 -1 -1 -1 -1 
77 19 1 350 131 125 210 -1 -1 -1 -1 
77 19 3 2 234 72 152 -1 -1 -1 -1 
77 19 4 223 124 95 85 -1 -1 -1 -1 
77 19 5 4 152 291 306 -1 -1 -1 -1 
77 19 6 466 85 31 22 -1 -1 -1 -1 
77 19 12 0 128 78 51 -1 -1 -1 -1 
77 19 22 187 109 21 19 -1 -1 -1 -1 
77 19 24 344 102 27 11 -1 -1 -1 -1 
77 19 31 193 112 51 27 -1 -1 -1 -1 
77 19 52 469 109 170 168 -1 -1 -1 -1 
77 19 53 512 81 44 38 -1 -1 -1 -1 
77 19 81 68 135 159 50 -1 -1 -1 -1 
77 19 82 421 87 17 14 -1 -1 -1 -1 
78 19 1 347 131 131 217 -1 -1 -1 -1 
78 19 4 224 124 87 85 -1 -1 -1 -1 
78 19 5 6 154 274 302 -1 -1 -1 -1 
78 19 6 463 86 30 21 -1 -1 -1 -1 
78 19 22 184 110 21 19 -1 -1 -1 -1 
78 19 24 339 102 30 12 -1 -1 -1 -1 
78 19 31 190 113 49 27 -1 -1 -1 -1 
78 19 52 467 110 165 157 -1 -1 -1 -1 
78 19 53 510 82 42 37 -1 -1 -1 -1 
78 19 81 63 136 159 50 -1 -1 -1 -1 
78 19 82 417 86 18 15 -1 -1 -1 -1 
78 19 88 274 125 201 139 -1 -1 -1 -1 
79 19 1 343 131 124 217 -1 -1 -1 -1 
79 19 4 222 123 87 85 -1 -1 -1 -1 
79 19 5 1 151 274 304 -1 -1 -1 -1 
79 19 6 461 85 30 22 -1 -1 -1 -1 
79 19 12 0 126 62 49 -1 -1 -1 -1 
79 19 22 183 110 20 18 -1 -1 -1 -1 
79 19 24 337 102 30 11 -1 -1 -1 -1 
79 19 31 186 112 51 27 -1 -1 -1 -1 
79 19 52 459 111 168 156 -1 -1 -1 -1 
79 19 53 507 81 44 38 -1 -1 -1 -1 
79 19 81 61 135 156 49 -1 -1 -1 -1 
79 19 82 415 86 19 16 -1 -1 -1 -1 
79 19 88 266 126 201 139 -1 -1 -1 -1 
80 19 1 335 131 129 217 -1 -1 -1 -1 
80 19 4 217 124 85 83 -1 -1 -1 -1 
80 19 5 0 154 272 306 -1 -1 -1 -1 
80 19 6 458 87 29 21 -1 -1 -1 -1 
80 19 12 0 124 53 58 -1 -1 -1 -1 
80 19 22 180 109 21 19 -1 -1 -1 -1 
80 19 31 182 112 52 27 -1 -1 -1 -1 
80 19 52 459 113 163 155 -1 -1 -1 -1 
80 19 53 503 82 43 38 -1 -1 -1 -1 
80 19 81 55 135 153 48 -1 -1 -1 -1 
80 19 82 411 87 19 15 -1 -1 -1 -1 
80 19 88 257 124 205 144 -1 -1 -1 -1 
81 19 1 330 130 130 218 -1 -1 -1 -1 
81 19 4 217 125 77 83 -1 -1 -1 -1 
81 19 5 0 155 265 311 -1 -1 -1 -1 
81 19 6 456 86 29 22 -1 -1 -1 -1 
81 19 12 0 123 49 38 -1 -1 -1 -1 
81 19 22 175 108 22 19 -1 -1 -1 -1 
81 19 24 331 102 28 11 -1 -1 -1 -1 
81 19 31 179 113 51 25 -1 -1 -1 -1 
81 19 52 458 113 160 154 -1 -1 -1 -1 
81 19 53 500 82 44 39 -1 -1 -1 -1 
81 19 81 48 134 159 49 -1 -1 -1 -1 
81 19 82 409 87 18 14 -1 -1 -1 -1 
81 19 88 255 119 199 150 -1 -1 -1 -1 
82 19 1 328 130 132 218 -1 -1 -1 -1 
82 19 4 217 124 75 82 -1 -1 -1 -1 
82 19 5 0 155 277 305 -1 -1 -1 -1 
82 19 6 457 87 29 21 -1 -1 -1 -1 
82 19 12 0 125 46 39 -1 -1 -1 -1 
82 19 20 38 107 12 25 -1 -1 -1 -1 
82 19 22 176 109 21 18 -1 -1 -1 -1 
82 19 24 328 101 29 12 -1 -1 -1 -1 
82 19 31 181 113 50 25 -1 -1 -1 -1 
82 19 52 459 112 158 154 -1 -1 -1 -1 
82 19 53 502 82 44 39 -1 -1 -1 -1 
82 19 81 46 137 160 48 -1 -1 -1 -1 
82 19 82 411 87 18 15 -1 -1 -1 -1 
82 19 87 287 102 41 16 -1 -1 -1 -1 
82 19 88 251 119 200 150 -1 -1 -1 -1 
82 19 95 597 110 42 84 -1 -1 -1 -1 
83 19 1 323 128 130 216 -1 -1 -1 -1 
83 19 4 216 124 74 101 -1 -1 -1 -1 
83 19 5 0 152 282 300 -1 -1 -1 -1 
83 19 6 455 84 30 22 -1 -1 -1 -1 
83 19 12 0 118 40 38 -1 -1 -1 -1 
83 19 20 33 101 21 27 -1 -1 -1 -1 
83 19 22 175 105 20 18 -1 -1 -1 -1 
83 19 24 331 97 29 13 -1 -1 -1 -1 
83 19 31 178 110 51 24 -1 -1 -1 -1 
83 19 52 452 110 161 155 -1 -1 -1 -1 
83 19 53 499 81 45 38 -1 -1 -1 -1 
83 19 81 39 132 159 47 -1 -1 -1 -1 
83 19 82 408 87 19 16 -1 -1 -1 -1 
83 19 87 284 101 43 17 -1 -1 -1 -1 
84 19 1 317 125 130 214 -1 -1 -1 -1 
84 19 4 207 115 81 71 -1 -1 -1 -1 
84 19 5 0 146 275 309 -1 -1 -1 -1 
84 19 6 451 81 31 23 -1 -1 -1 -1 
84 19 12 0 114 33 37 -1 -1 -1 -1 
84 19 20 31 96 19 28 -1 -1 -1 -1 
84 19 22 172 101 20 18 -1 -1 -1 -1 
84 19 24 327 95 30 12 -1 -1 -1 -1 
84 19 31 176 105 48 25 -1 -1 -1 -1 
84 19 52 447 108 161 157 -1 -1 -1 -1 
84 19 53 497 78 44 38 -1 -1 -1 -1 
84 19 81 33 127 158 49 -1 -1 -1 -1 
84 19 88 231 117 207 150 -1 -1 -1 -1 
85 19 1 313 124 128 214 -1 -1 -1 -1 
85 19 4 211 118 67 86 -1 -1 -1 -1 
85 19 5 0 147 242 307 -1 -1 -1 -1 
85 19 6 449 80 33 23 -1 -1 -1 -1 
85 19 12 0 115 29 37 -1 -1 -1 -1 
85 19 20 30 97 18 28 -1 -1 -1 -1 
85 19 22 170 101 20 18 -1 -1 -1 -1 
85 19 24 327 95 29 11 -1 -1 -1 -1 
85 19 31 175 104 51 26 -1 -1 -1 -1 
85 19 52 417 101 190 162 -1 -1 -1 -1 
85 19 53 498 76 41 38 -1 -1 -1 -1 
85 19 81 29 126 158 50 -1 -1 -1 -1 
85 19 88 218 118 218 148 -1 -1 -1 -1 
86 19 1 308 124 127 214 -1 -1 -1 -1 
86 19 4 207 117 68 87 -1 -1 -1 -1 
86 19 5 0 148 234 290 -1 -1 -1 -1 
86 19 6 448 79 32 22 -1 -1 -1 -1 
86 19 12 0 114 24 37 -1 -1 -1 -1 
86 19 20 28 96 19 28 -1 -1 -1 -1 
86 19 22 169 101 20 17 -1 -1 -1 -1 
86 19 24 327 94 27 10 -1 -1 -1 -1 
86 19 31 172 103 51 27 -1 -1 -1 -1 
86 19 52 420 103 184 159 -1 -1 -1 -1 
86 19 53 496 75 42 37 -1 -1 -1 -1 
86 19 81 24 126 156 51 -1 -1 -1 -1 
86 19 88 212 117 201 147 -1 -1 -1 -1 
87 19 1 304 123 126 221 -1 -1 -1 -1 
87 19 5 0 149 231 284 -1 -1 -1 -1 
87 19 6 444 79 34 23 -1 -1 -1 -1 
87 19 12 0 115 18 36 -1 -1 -1 -1 
87 19 20 25 96 19 29 -1 -1 -1 -1 
87 19 22 167 100 19 18 -1 -1 -1 -1 
87 19 24 324 95 27 10 -1 -1 -1 -1 
87 19 31 170 104 50 26 -1 -1 -1 -1 
87 19 52 408 102 189 159 -1 -1 -1 -1 
87 19 53 492 74 43 38 -1 -1 -1 -1 
87 19 81 18 127 156 50 -1 -1 -1 -1 
87 19 88 203 117 209 148 -1 -1 -1 -1 
87 19 100 573 101 66 144 -1 -1 -1 -1 
88 19 1 297 125 130 221 -1 -1 -1 -1 
88 19 5 0 152 228 283 -1 -1 -1 -1 
88 19 6 442 78 34 25 -1 -1 -1 -1 
88 19 12 0 118 12 36 -1 -1 -1 -1 
88 19 20 23 98 18 29 -1 -1 -1 -1 
88 19 22 164 102 19 18 -1 -1 -1 -1 
88 19 24 323 95 26 10 -1 -1 -1 -1 
88 19 31 169 107 48 25 -1 -1 -1 -1 
88 19 52 434 105 159 156 -1 -1 -1 -1 
88 19 53 489 74 43 38 -1 -1 -1 -1 
88 19 81 11 131 157 50 -1 -1 -1 -1 
88 19 88 195 118 219 148 -1 -1 -1 -1 
88 19 100 570 97 68 144 -1 -1 -1 -1 
89 19 1 289 127 134 220 -1 -1 -1 -1 
89 19 5 0 157 232 285 -1 -1 -1 -1 
89 19 6 439 79 33 24 -1 -1 -1 -1 
89 19 12 0 123 7 35 -1 -1 -1 -1 
89 19 20 20 101 19 30 -1 -1 -1 -1 
89 19 22 160 104 22 19 -1 -1 -1 -1 
89 19 24 316 95 30 11 -1 -1 -1 -1 
89 19 31 165 110 46 24 -1 -1 -1 -1 
89 19 52 429 105 159 156 -1 -1 -1 -1 
89 19 53 485 74 44 37 -1 -1 -1 -1 
89 19 81 4 134 158 49 -1 -1 -1 -1 
89 19 82 393 80 22 15 -1 -1 -1 -1 
89 19 88 184 114 262 155 -1 -1 -1 -1 
89 19 100 560 98 75 104 -1 -1 -1 -1 
90 19 1 283 128 119 221 -1 -1 -1 -1 
90 19 5 0 160 220 281 -1 -1 -1 -1 
90 19 6 435 79 35 26 -1 -1 -1 -1 
90 19 12 0 123 2 34 -1 -1 -1 -1 
90 19 20 16 102 19 30 -1 -1 -1 -1 
90 19 22 157 106 20 18 -1 -1 -1 -1 
90 19 24 317 97 25 11 -1 -1 -1 -1 
90 19 31 161 111 46 24 -1 -1 -1 -1 
90 19 52 422 106 158 157 -1 -1 -1 -1 
90 19 53 483 76 41 37 -1 -1 -1 -1 
90 19 81 1 136 153 50 -1 -1 -1 -1 
90 19 82 387 82 24 14 -1 -1 -1 -1 
90 19 88 174 112 267 159 -1 -1 -1 -1 
91 19 1 276 129 122 223 -1 -1 -1 -1 
91 19 5 0 161 205 277 -1 -1 -1 -1 
91 19 6 432 80 36 26 -1 -1 -1 -1 
91 19 20 13 103 19 30 -1 -1 -1 -1 
91 19 22 156 108 17 17 -1 -1 -1 -1 
91 19 24 313 98 27 11 -1 -1 -1 -1 
91 19 31 157 110 49 26 -1 -1 -1 -1 
91 19 52 381 107 197 157 -1 -1 -1 -1 
91 19 53 479 77 43 38 -1 -1 -1 -1 
91 19 81 0 136 148 52 -1 -1 -1 -1 
91 19 82 386 82 23 14 -1 -1 -1 -1 
91 19 88 165 117 252 155 -1 -1 -1 -1 
91 19 100 557 92 82 155 -1 -1 -1 -1 
92 19 1 269 129 122 224 -1 -1 -1 -1 
92 19 5 0 162 207 264 -1 -1 -1 -1 
92 19 6 429 81 35 25 -1 -1 -1 -1 
92 19 20 10 102 19 29 -1 -1 -1 -1 
92 19 22 152 107 19 17 -1 -1 -1 -1 
92 19 24 310 97 28 12 -1 -1 -1 -1 
92 19 31 153 109 53 27 -1 -1 -1 -1 
92 19 52 379 108 193 157 -1 -1 -1 -1 
92 19 53 476 78 43 37 -1 -1 -1 -1 
92 19 81 0 136 142 50 -1 -1 -1 -1 
92 19 82 383 81 24 15 -1 -1 -1 -1 
93 19 1 263 129 122 224 -1 -1 -1 -1 
93 19 5 0 162 201 269 -1 -1 -1 -1 
93 19 6 427 81 35 25 -1 -1 -1 -1 
93 19 20 7 99 19 28 -1 -1 -1 -1 
93 19 22 150 104 19 18 -1 -1 -1 -1 
93 19 31 152 107 49 26 -1 -1 -1 -1 
93 19 52 378 109 186 157 -1 -1 -1 -1 
93 19 53 475 79 41 36 -1 -1 -1 -1 
93 19 81 0 133 134 50 -1 -1 -1 -1 
93 19 82 378 81 27 16 -1 -1 -1 -1 
93 19 88 149 119 239 150 -1 -1 -1 -1 
93 19 100 547 97 92 153 -1 -1 -1 -1 
94 19 1 255 129 126 224 -1 -1 -1 -1 
94 19 5 0 162 194 271 -1 -1 -1 -1 
94 19 6 427 82 34 25 -1 -1 -1 -1 
94 19 20 5 99 18 30 -1 -1 -1 -1 
94 19 22 148 105 19 18 -1 -1 -1 -1 
94 19 24 308 98 27 12 -1 -1 -1 -1 
94 19 31 149 108 52 26 -1 -1 -1 -1 
94 19 52 373 109 188 159 -1 -1 -1 -1 
94 19 53 472 79 43 37 -1 -1 -1 -1 
94 19 81 0 134 130 51 -1 -1 -1 -1 
94 19 82 378 82 26 15 -1 -1 -1 -1 
94 19 88 143 120 247 150 -1 -1 -1 -1 
94 19 100 544 96 95 156 -1 -1 -1 -1 
95 19 1 249 130 120 224 -1 -1 -1 -1 
95 19 5 0 163 184 274 -1 -1 -1 -1 
95 19 6 423 82 34 24 -1 -1 -1 -1 
95 19 20 0 98 21 29 -1 -1 -1 -1 
95 19 22 143 103 23 19 -1 -1 -1 -1 
95 19 24 304 97 27 11 -1 -1 -1 -1 
95 19 31 146 108 50 25 -1 -1 -1 -1 
95 19 52 363 110 192 159 -1 -1 -1 -1 
95 19 53 470 79 42 38 -1 -1 -1 -1 
95 19 81 0 133 123 53 -1 -1 -1 -1 
95 19 82 376 82 25 15 -1 -1 -1 -1 
95 19 87 263 97 41 17 -1 -1 -1 -1 
95 19 88 137 122 179 148 -1 -1 -1 -1 
96 19 1 241 129 120 221 -1 -1 -1 -1 
96 19 5 1 163 171 278 -1 -1 -1 -1 
96 19 6 419 82 35 24 -1 -1 -1 -1 
96 19 20 0 97 16 28 -1 -1 -1 -1 
96 19 22 140 102 21 19 -1 -1 -1 -1 
96 19 24 301 96 28 12 -1 -1 -1 -1 
96 19 31 141 105 53 26 -1 -1 -1 -1 
96 19 52 355 109 192 160 -1 -1 -1 -1 
96 19 53 466 79 42 38 -1 -1 -1 -1 
96 19 81 0 134 116 52 -1 -1 -1 -1 
96 19 87 262 97 40 16 -1 -1 -1 -1 
97 19 1 237 129 119 221 -1 -1 -1 -1 
97 19 5 0 162 163 272 -1 -1 -1 -1 
97 19 6 419 82 33 23 -1 -1 -1 -1 
97 19 20 0 95 15 29 -1 -1 -1 -1 
97 19 22 138 102 21 18 -1 -1 -1 -1 
97 19 31 140 105 52 25 -1 -1 -1 -1 
97 19 52 354 108 191 161 -1 -1 -1 -1 
97 19 53 464 79 43 36 -1 -1 -1 -1 
97 19 81 0 134 110 51 -1 -1 -1 -1 
97 19 88 121 120 246 149 -1 -1 -1 -1 
97 19 100 530 102 109 150 -1 -1 -1 -1 
98 19 1 231 125 122 222 -1 -1 -1 -1 
98 19 5 0 161 153 270 -1 -1 -1 -1 
98 19 6 417 80 33 23 -1 -1 -1 -1 
98 19 20 0 91 13 28 -1 -1 -1 -1 
98 19 22 136 98 21 18 -1 -1 -1 -1 
98 19 24 295 92 31 12 -1 -1 -1 -1 
98 19 31 138 103 50 26 -1 -1 -1 -1 
98 19 52 343 106 197 160 -1 -1 -1 -1 
98 19 53 463 77 40 35 -1 -1 -1 -1 
98 19 81 0 131 104 52 -1 -1 -1 -1 
98 19 87 251 93 38 16 -1 -1 -1 -1 
98 19 88 116 120 175 144 -1 -1 -1 -1 
98 19 100 526 96 113 154 -1 -1 -1 -1 
99 19 1 222 124 120 222 -1 -1 -1 -1 
99 19 5 0 159 139 254 -1 -1 -1 -1 
99 19 6 414 77 32 24 -1 -1 -1 -1 
99 19 20 0 88 9 28 -1 -1 -1 -1 
99 19 22 133 94 21 18 -1 -1 -1 -1 
99 19 24 293 89 30 13 -1 -1 -1 -1 
99 19 31 133 98 54 27 -1 -1 -1 -1 
99 19 52 373 106 157 160 -1 -1 -1 -1 
99 19 53 459 75 40 36 -1 -1 -1 -1 
99 19 81 0 134 96 51 -1 -1 -1 -1 
99 19 87 248 92 39 16 -1 -1 -1 -1 
99 19 88 107 118 180 146 -1 -1 -1 -1 
99 19 100 519 94 120 156 -1 -1 -1 -1 
100 19 1 212 124 122 224 -1 -1 -1 -1 
100 19 5 0 163 124 252 -1 -1 -1 -1 
100 19 6 408 78 34 24 -1 -1 -1 -1 
100 19 20 0 86 7 28 -1 -1 -1 -1 
100 19 22 127 94 22 17 -1 -1 -1 -1 
100 19 24 291 89 29 12 -1 -1 -1 -1 
100 19 31 126 97 54 26 -1 -1 -1 -1 
100 19 52 334 106 190 160 -1 -1 -1 -1 
100 19 53 451 76 43 35 -1 -1 -1 -1 
100 19 81 0 141 87 47 -1 -1 -1 -1 
100 19 88 95 113 233 150 -1 -1 -1 -1 
101 19 1 206 124 120 222 -1 -1 -1 -1 
101 19 5 0 168 114 251 -1 -1 -1 -1 
101 19 6 407 78 31 23 -1 -1 -1 -1 
101 19 22 125 95 22 18 -1 -1 -1 -1 
101 19 24 287 90 27 12 -1 -1 -1 -1 
101 19 31 127 100 50 26 -1 -1 -1 -1 
101 19 52 333 105 188 162 -1 -1 -1 -1 
101 19 53 450 75 42 34 -1 -1 -1 -1 
101 19 81 0 153 81 39 -1 -1 -1 -1 
101 19 88 90 115 254 149 -1 -1 -1 -1 
101 19 100 507 95 132 155 -1 -1 -1 -1 
102 19 1 200 123 118 225 -1 -1 -1 -1 
102 19 4 145 110 71 19 -1 -1 -1 -1 
102 19 5 0 179 103 231 -1 -1 -1 -1 
102 19 6 405 77 33 25 -1 -1 -1 -1 
102 19 22 124 95 20 17 -1 -1 -1 -1 
102 19 24 285 89 30 13 -1 -1 -1 -1 
102 19 31 124 97 53 26 -1 -1 -1 -1 
102 19 52 324 105 190 162 -1 -1 -1 -1 
102 19 53 449 74 42 35 -1 -1 -1 -1 
102 19 81 0 148 74 42 -1 -1 -1 -1 
102 19 88 83 115 254 148 -1 -1 -1 -1 
102 19 100 505 94 134 156 -1 -1 -1 -1 
103 19 1 189 117 118 229 -1 -1 -1 -1 
103 19 4 147 110 60 15 -1 -1 -1 -1 
103 19 5 2 151 86 253 -1 -1 -1 -1 
103 19 6 401 76 34 24 -1 -1 -1 -1 
103 19 22 120 89 20 17 -1 -1 -1 -1 
103 19 24 283 89 29 12 -1 -1 -1 -1 
103 19 31 117 92 57 25 -1 -1 -1 -1 
103 19 52 319 104 187 161 -1 -1 -1 -1 
103 19 53 444 73 42 35 -1 -1 -1 -1 
103 19 81 0 142 64 46 -1 -1 -1 -1 
103 19 88 75 106 257 154 -1 -1 -1 -1 
104 19 1 181 115 118 229 -1 -1 -1 -1 
104 19 5 0 142 78 177 -1 -1 -1 -1 
104 19 6 400 72 34 24 -1 -1 -1 -1 
104 19 22 118 85 20 18 -1 -1 -1 -1 
104 19 31 118 89 53 24 -1 -1 -1 -1 
104 19 52 309 99 191 164 -1 -1 -1 -1 
104 19 53 443 71 42 36 -1 -1 -1 -1 
104 19 81 0 142 58 47 -1 -1 -1 -1 
104 19 82 353 70 28 15 -1 -1 -1 -1 
104 19 88 68 102 262 152 -1 -1 -1 -1 
104 19 100 493 91 146 156 -1 -1 -1 -1 
105 19 1 176 113 117 229 -1 -1 -1 -1 
105 19 5 0 142 66 150 -1 -1 -1 -1 
105 19 6 401 71 32 24 -1 -1 -1 -1 
105 19 22 117 84 20 18 -1 -1 -1 -1 
105 19 24 279 81 30 13 -1 -1 -1 -1 
105 19 31 115 88 56 25 -1 -1 -1 -1 
105 19 52 304 98 193 165 -1 -1 -1 -1 
105 19 53 443 70 41 36 -1 -1 -1 -1 
105 19 82 355 70 25 14 -1 -1 -1 -1 
105 19 88 67 103 154 153 -1 -1 -1 -1 
105 19 100 490 91 149 156 -1 -1 -1 -1 
105 19 107 34 72 16 21 -1 -1 -1 -1 
106 19 1 170 112 115 232 -1 -1 -1 -1 
106 19 5 0 144 53 143 -1 -1 -1 -1 
106 19 6 398 70 35 25 -1 -1 -1 -1 
106 19 22 115 84 21 18 -1 -1 -1 -1 
106 19 24 276 81 32 12 -1 -1 -1 -1 
106 19 31 111 90 58 26 -1 -1 -1 -1 
106 19 52 295 98 198 166 -1 -1 -1 -1 
106 19 53 442 70 41 37 -1 -1 -1 -1 
106 19 82 354 70 26 14 -1 -1 -1 -1 
106 19 87 198 71 13 13 -1 -1 -1 -1 
106 19 88 57 104 265 155 -1 -1 -1 -1 
106 19 100 488 89 150 158 -1 -1 -1 -1 
106 19 107 33 72 17 21 -1 -1 -1 -1 
107 19 1 163 112 115 232 -1 -1 -1 -1 
107 19 5 0 144 42 144 -1 -1 -1 -1 
107 19 6 397 70 35 24 -1 -1 -1 -1 
107 19 22 116 84 20 18 -1 -1 -1 -1 
107 19 24 278 81 30 12 -1 -1 -1 -1 
107 19 31 115 88 53 26 -1 -1 -1 -1 
107 19 52 302 100 188 165 -1 -1 -1 -1 
107 19 53 439 69 44 38 -1 -1 -1 -1 
107 19 82 354 69 27 15 -1 -1 -1 -1 
107 19 87 193 69 10 12 -1 -1 -1 -1 
107 19 88 53 103 261 156 -1 -1 -1 -1 
107 19 100 485 91 154 156 -1 -1 -1 -1 
107 19 107 32 73 17 21 -1 -1 -1 -1 
107 19 108 57 72 21 18 -1 -1 -1 -1 
108 19 1 158 111 114 231 -1 -1 -1 -1 
108 19 5 0 143 36 87 -1 -1 -1 -1 
108 19 6 398 69 34 24 -1 -1 -1 -1 
108 19 22 115 82 23 19 -1 -1 -1 -1 
108 19 24 278 80 31 12 -1 -1 -1 -1 
108 19 31 116 87 52 25 -1 -1 -1 -1 
108 19 52 301 98 186 165 -1 -1 -1 -1 
108 19 53 441 67 42 37 -1 -1 -1 -1 
108 19 82 353 69 26 14 -1 -1 -1 -1 
108 19 88 51 102 241 157 -1 -1 -1 -1 
108 19 100 484 88 154 157 -1 -1 -1 -1 
108 19 107 33 71 17 23 -1 -1 -1 -1 
109 19 1 149 113 116 229 -1 -1 -1 -1 
109 19 5 0 142 27 69 -1 -1 -1 -1 
109 19 6 396 69 34 24 -1 -1 -1 -1 
109 19 22 114 84 20 18 -1 -1 -1 -1 
109 19 24 277 81 30 12 -1 -1 -1 -1 
109 19 31 113 89 53 26 -1 -1 -1 -1 
109 19 52 281 98 202 166 -1 -1 -1 -1 
109 19 53 437 67 43 38 -1 -1 -1 -1 
109 19 82 354 68 26 15 -1 -1 -1 -1 
109 19 88 44 104 247 157 -1 -1 -1 -1 
109 19 100 478 86 161 160 -1 -1 -1 -1 
109 19 107 32 72 17 22 -1 -1 -1 -1 
110 19 1 140 113 120 231 -1 -1 -1 -1 
110 19 6 395 70 32 23 -1 -1 -1 -1 
110 19 22 110 85 24 19 -1 -1 -1 -1 
110 19 24 276 81 29 11 -1 -1 -1 -1 
110 19 31 110 89 54 27 -1 -1 -1 -1 
110 19 52 278 99 200 166 -1 -1 -1 -1 
110 19 53 435 68 43 37 -1 -1 -1 -1 
110 19 82 353 68 25 14 -1 -1 -1 -1 
110 19 88 37 107 254 156 -1 -1 -1 -1 
110 19 100 471 85 168 163 -1 -1 -1 -1 
111 19 1 133 119 126 230 -1 -1 -1 -1 
111 19 6 395 73 32 24 -1 -1 -1 -1 
111 19 22 111 90 23 18 -1 -1 -1 -1 
111 19 24 277 86 28 11 -1 -1 -1 -1 
111 19 31 110 94 53 28 -1 -1 -1 -1 
111 19 52 273 103 203 166 -1 -1 -1 -1 
111 19 53 435 70 43 38 -1 -1 -1 -1 
111 19 88 36 110 242 156 -1 -1 -1 -1 
111 19 100 468 92 171 159 -1 -1 -1 -1 
111 19 107 30 80 17 22 -1 -1 -1 -1 
111 19 108 55 79 23 18 -1 -1 -1 -1 
112 19 1 126 119 111 229 -1 -1 -1 -1 
112 19 6 396 74 30 23 -1 -1 -1 -1 
112 19 22 111 89 22 18 -1 -1 -1 -1 
112 19 24 278 87 26 10 -1 -1 -1 -1 
112 19 31 109 93 55 25 -1 -1 -1 -1 
112 19 52 276 104 192 166 -1 -1 -1 -1 
112 19 53 434 72 44 38 -1 -1 -1 -1 
112 19 88 29 109 251 155 -1 -1 -1 -1 
112 19 100 465 93 174 160 -1 -1 -1 -1 
112 19 107 30 79 17 22 -1 -1 -1 -1 
112 19 108 55 79 22 16 -1 -1 -1 -1 
113 19 1 113 119 118 235 -1 -1 -1 -1 
113 19 6 392 76 31 23 -1 -1 -1 -1 
113 19 22 108 90 21 17 -1 -1 -1 -1 
113 19 24 274 88 27 10 -1 -1 -1 -1 
113 19 31 105 94 53 26 -1 -1 -1 -1 
113 19 52 258 106 203 168 -1 -1 -1 -1 
113 19 53 430 74 44 38 -1 -1 -1 -1 
113 19 88 21 110 239 154 -1 -1 -1 -1 
113 19 100 457 94 182 163 -1 -1 -1 -1 
113 19 107 26 78 19 24 -1 -1 -1 -1 
113 19 108 55 81 21 14 -1 -1 -1 -1 
114 19 1 105 120 118 235 -1 -1 -1 -1 
114 19 6 388 79 31 23 -1 -1 -1 -1 
114 19 22 105 92 20 16 -1 -1 -1 -1 
114 19 24 269 89 29 11 -1 -1 -1 -1 
114 19 31 102 93 55 28 -1 -1 -1 -1 
114 19 52 246 108 210 169 -1 -1 -1 -1 
114 19 53 426 77 45 37 -1 -1 -1 -1 
114 19 88 15 112 234 168 -1 -1 -1 -1 
114 19 100 450 97 189 162 -1 -1 -1 -1 
114 19 107 23 79 19 23 -1 -1 -1 -1 
115 19 1 7 116 241 241 -1 -1 -1 -1 
115 19 6 386 79 33 24 -1 -1 -1 -1 
115 19 22 102 93 21 17 -1 -1 -1 -1 
115 19 24 267 90 30 11 -1 -1 -1 -1 
115 19 52 240 110 210 169 -1 -1 -1 -1 
115 19 53 424 79 43 36 -1 -1 -1 -1 
115 19 82 353 78 19 14 -1 -1 -1 -1 
115 19 88 5 112 244 170 -1 -1 -1 -1 
115 19 100 445 96 194 165 -1 -1 -1 -1 
115 19 107 21 82 18 22 -1 -1 -1 -1 
116 19 1 73 124 135 234 -1 -1 -1 -1 
116 19 6 382 79 32 24 -1 -1 -1 -1 
116 19 22 97 94 21 16 -1 -1 -1 -1 
116 19 52 233 111 207 168 -1 -1 -1 -1 
116 19 53 419 79 45 37 -1 -1 -1 -1 
116 19 82 340 79 27 14 -1 -1 -1 -1 
116 19 88 0 114 264 159 -1 -1 -1 -1 
116 19 100 435 98 203 163 -1 -1 -1 -1 
116 19 107 19 82 18 23 -1 -1 -1 -1 
116 19 108 43 81 19 18 -1 -1 -1 -1 
117 19 1 72 126 142 239 -1 -1 -1 -1 
117 19 6 380 81 29 23 -1 -1 -1 -1 
117 19 22 93 95 21 17 -1 -1 -1 -1 
117 19 52 226 112 207 170 -1 -1 -1 -1 
117 19 53 415 79 45 37 -1 -1 -1 -1 
117 19 82 338 79 26 14 -1 -1 -1 -1 
117 19 88 0 115 266 159 -1 -1 -1 -1 
117 19 100 427 97 208 165 -1 -1 -1 -1 
117 19 103 1 116 228 102 -1 -1 -1 -1 
117 19 107 13 84 18 22 -1 -1 -1 -1 
118 19 1 63 133 143 234 -1 -1 -1 -1 
118 19 6 378 84 31 24 -1 -1 -1 -1 
118 19 22 91 100 22 17 -1 -1 -1 -1 
118 19 52 219 116 210 168 -1 -1 -1 -1 
118 19 53 413 82 45 35 -1 -1 -1 -1 
118 19 82 338 83 25 14 -1 -1 -1 -1 
118 19 88 1 119 226 158 -1 -1 -1 -1 
118 19 100 420 103 215 162 -1 -1 -1 -1 
118 19 103 0 116 220 101 -1 -1 -1 -1 
118 19 107 12 89 18 21 -1 -1 -1 -1 
119 19 1 51 135 134 235 -1 -1 -1 -1 
119 19 6 377 86 28 22 -1 -1 -1 -1 
119 19 22 89 103 21 15 -1 -1 -1 -1 
119 19 31 87 105 54 24 -1 -1 -1 -1 
119 19 52 213 118 209 170 -1 -1 -1 -1 
119 19 53 412 84 42 34 -1 -1 -1 -1 
119 19 82 336 85 25 14 -1 -1 -1 -1 
119 19 88 0 122 219 160 -1 -1 -1 -1 
119 19 100 415 101 211 167 -1 -1 -1 -1 
119 19 107 10 91 18 21 -1 -1 -1 -1 
119 19 108 35 90 24 17 -1 -1 -1 -1 
120 19 1 34 137 143 240 -1 -1 -1 -1 
120 19 6 376 89 27 23 -1 -1 -1 -1 
120 19 22 88 105 21 16 -1 -1 -1 -1 
120 19 24 256 101 28 10 -1 -1 -1 -1 
120 19 31 84 108 57 22 -1 -1 -1 -1 
120 19 52 207 122 211 170 -1 -1 -1 -1 
120 19 53 412 86 42 34 -1 -1 -1 -1 
120 19 82 335 87 25 15 -1 -1 -1 -1 
120 19 88 1 123 213 165 -1 -1 -1 -1 
120 19 100 410 105 213 167 -1 -1 -1 -1 
121 19 1 25 139 144 237 -1 -1 -1 -1 
121 19 6 374 89 30 25 -1 -1 -1 -1 
121 19 22 87 105 20 16 -1 -1 -1 -1 
121 19 24 253 102 30 11 -1 -1 -1 -1 
121 19 31 75 109 65 21 -1 -1 -1 -1 
121 19 52 200 124 213 169 -1 -1 -1 -1 
121 19 53 409 88 44 29 -1 -1 -1 -1 
121 19 82 334 87 27 17 -1 -1 -1 -1 
121 19 88 0 124 211 167 -1 -1 -1 -1 
121 19 100 404 109 203 165 -1 -1 -1 -1 
121 19 107 7 94 20 20 -1 -1 -1 -1 
121 19 108 35 92 20 18 -1 -1 -1 -1 
122 19 1 15 138 147 240 -1 -1 -1 -1 
122 19 6 374 89 29 24 -1 -1 -1 -1 
122 19 22 85 104 22 17 -1 -1 -1 -1 
122 19 24 255 101 28 11 -1 -1 -1 -1 
122 19 31 85 109 52 19 -1 -1 -1 -1 
122 19 52 194 124 214 169 -1 -1 -1 -1 
122 19 53 409 88 42 30 -1 -1 -1 -1 
122 19 82 334 87 28 17 -1 -1 -1 -1 
122 19 100 401 108 206 167 -1 -1 -1 -1 
122 19 107 6 95 20 21 -1 -1 -1 -1 
122 19 108 34 92 21 17 -1 -1 -1 -1 
122 19 120 601 130 38 137 -1 -1 -1 -1 
123 19 1 6 137 148 235 -1 -1 -1 -1 
123 19 6 374 89 29 25 -1 -1 -1 -1 
123 19 22 84 104 22 17 -1 -1 -1 -1 
123 19 24 253 101 29 11 -1 -1 -1 -1 
123 19 31 85 108 52 20 -1 -1 -1 -1 
123 19 52 190 124 215 168 -1 -1 -1 -1 
123 19 53 408 89 45 27 -1 -1 -1 -1 
123 19 82 333 88 28 17 -1 -1 -1 -1 
123 19 87 208 100 38 17 -1 -1 -1 -1 
123 19 100 395 109 210 165 -1 -1 -1 -1 
124 19 1 3 132 149 246 -1 -1 -1 -1 
124 19 6 378 85 28 24 -1 -1 -1 -1 
124 19 22 88 98 22 17 -1 -1 -1 -1 
124 19 31 83 108 53 21 -1 -1 -1 -1 
124 19 52 188 119 215 171 -1 -1 -1 -1 
124 19 53 412 85 42 27 -1 -1 -1 -1 
124 19 87 209 95 51 18 -1 -1 -1 -1 
124 19 100 396 104 213 168 -1 -1 -1 -1 
124 19 107 6 94 21 22 -1 -1 -1 -1 
124 19 120 592 129 47 136 -1 -1 -1 -1 
125 19 1 1 132 146 244 -1 -1 -1 -1 
125 19 6 382 85 28 23 -1 -1 -1 -1 
125 19 22 92 99 21 16 -1 -1 -1 -1 
125 19 24 262 96 29 11 -1 -1 -1 -1 
125 19 52 185 119 216 171 -1 -1 -1 -1 
125 19 53 414 85 44 28 -1 -1 -1 -1 
125 19 82 350 84 19 15 -1 -1 -1 -1 
125 19 87 214 94 49 18 -1 -1 -1 -1 
125 19 100 395 104 219 168 -1 -1 -1 -1 
125 19 120 601 129 38 136 -1 -1 -1 -1 
125 19 121 146 102 41 23 -1 -1 -1 -1 
126 19 1 2 128 139 251 -1 -1 -1 -1 
126 19 6 384 82 26 23 -1 -1 -1 -1 
126 19 22 93 96 20 15 -1 -1 -1 -1 
126 19 24 263 94 28 10 -1 -1 -1 -1 
126 19 52 197 116 202 170 -1 -1 -1 -1 
126 19 53 415 81 45 28 -1 -1 -1 -1 
126 19 82 344 81 26 14 -1 -1 -1 -1 
126 19 87 215 92 38 18 -1 -1 -1 -1 
126 19 100 392 101 218 167 -1 -1 -1 -1 
126 19 120 602 125 37 137 -1 -1 -1 -1 
126 19 121 143 98 40 23 -1 -1 -1 -1 
127 19 1 2 128 137 252 -1 -1 -1 -1 
127 19 6 387 78 27 24 -1 -1 -1 -1 
127 19 22 96 96 21 15 -1 -1 -1 -1 
127 19 24 262 93 29 10 -1 -1 -1 -1 
127 19 52 196 114 204 171 -1 -1 -1 -1 
127 19 53 417 77 47 27 -1 -1 -1 -1 
127 19 82 347 78 27 15 -1 -1 -1 -1 
127 19 87 217 91 40 17 -1 -1 -1 -1 
127 19 100 392 97 210 168 -1 -1 -1 -1 
127 19 120 595 120 44 138 -1 -1 -1 -1 
127 19 121 144 98 39 22 -1 -1 -1 -1 
127 19 124 64 118 133 163 -1 -1 -1 -1 
128 19 1 0 133 133 255 -1 -1 -1 -1 
128 19 6 389 79 27 23 -1 -1 -1 -1 
128 19 22 98 98 21 16 -1 -1 -1 -1 
128 19 31 95 104 48 19 -1 -1 -1 -1 
128 19 52 191 114 205 172 -1 -1 -1 -1 
128 19 53 419 77 46 25 -1 -1 -1 -1 
128 19 82 349 78 28 15 -1 -1 -1 -1 
128 19 87 220 93 35 16 -1 -1 -1 -1 
128 19 100 389 96 211 169 -1 -1 -1 -1 
128 19 120 585 117 54 140 -1 -1 -1 -1 
128 19 121 142 95 41 24 -1 -1 -1 -1 
128 19 124 64 119 128 163 -1 -1 -1 -1 
129 19 1 0 129 123 257 -1 -1 -1 -1 
129 19 6 386 76 25 23 -1 -1 -1 -1 
129 19 22 93 94 22 15 -1 -1 -1 -1 
129 19 31 92 99 46 20 -1 -1 -1 -1 
129 19 52 181 111 207 174 -1 -1 -1 -1 
129 19 53 415 75 44 24 -1 -1 -1 -1 
129 19 82 344 75 29 15 -1 -1 -1 -1 
129 19 87 220 93 37 18 -1 -1 -1 -1 
129 19 100 382 93 205 169 -1 -1 -1 -1 
129 19 120 581 111 58 143 -1 -1 -1 -1 
129 19 121 132 96 43 22 -1 -1 -1 -1 
130 19 1 0 133 114 260 -1 -1 -1 -1 
130 19 6 384 76 25 23 -1 -1 -1 -1 
130 19 22 93 94 21 14 -1 -1 -1 -1 
130 19 31 92 98 46 21 -1 -1 -1 -1 
130 19 52 170 112 214 175 -1 -1 -1 -1 
130 19 53 414 74 44 27 -1 -1 -1 -1 
130 19 82 343 76 28 15 -1 -1 -1 -1 
130 19 100 377 92 219 173 -1 -1 -1 -1 
130 19 120 582 109 57 145 -1 -1 -1 -1 
130 19 121 130 95 43 21 -1 -1 -1 -1 
130 19 124 54 119 124 166 -1 -1 -1 -1 
131 19 1 0 137 104 236 -1 -1 -1 -1 
131 19 6 381 77 26 23 -1 -1 -1 -1 
131 19 22 90 99 19 14 -1 -1 -1 -1 
131 19 24 261 92 28 10 -1 -1 -1 -1 
131 19 31 86 102 48 21 -1 -1 -1 -1 
131 19 52 159 115 214 175 -1 -1 -1 -1 
131 19 53 410 77 45 25 -1 -1 -1 -1 
131 19 82 341 78 27 14 -1 -1 -1 -1 
131 19 87 210 92 38 18 -1 -1 -1 -1 
131 19 100 366 93 217 173 -1 -1 -1 -1 
131 19 108 42 88 21 17 -1 -1 -1 -1 
131 19 120 565 109 74 147 -1 -1 -1 -1 
131 19 124 3 120 165 168 -1 -1 -1 -1 
132 19 1 0 139 95 262 -1 -1 -1 -1 
132 19 6 379 78 26 23 -1 -1 -1 -1 
132 19 22 89 99 20 15 -1 -1 -1 -1 
132 19 24 260 91 29 11 -1 -1 -1 -1 
132 19 31 85 103 49 20 -1 -1 -1 -1 
132 19 52 153 116 214 177 -1 -1 -1 -1 
132 19 53 408 78 43 24 -1 -1 -1 -1 
132 19 82 339 78 26 15 -1 -1 -1 -1 
132 19 87 208 93 49 18 -1 -1 -1 -1 
132 19 100 360 93 225 176 -1 -1 -1 -1 
133 19 1 0 144 88 262 -1 -1 -1 -1 
133 19 6 377 83 24 23 -1 -1 -1 -1 
133 19 22 85 106 19 15 -1 -1 -1 -1 
133 19 24 255 97 31 11 -1 -1 -1 -1 
133 19 52 146 121 214 177 -1 -1 -1 -1 
133 19 53 406 81 44 25 -1 -1 -1 -1 
133 19 82 342 82 22 16 -1 -1 -1 -1 
133 19 87 207 97 40 19 -1 -1 -1 -1 
133 19 100 353 101 218 172 -1 -1 -1 -1 
133 19 120 559 111 80 151 -1 -1 -1 -1 
133 19 121 109 101 43 25 -1 -1 -1 -1 
133 19 124 0 127 150 169 -1 -1 -1 -1 
134 19 1 0 150 81 264 -1 -1 -1 -1 
134 19 6 376 86 25 24 -1 -1 -1 -1 
134 19 22 85 111 19 15 -1 -1 -1 -1 
134 19 24 255 102 29 10 -1 -1 -1 -1 
134 19 52 138 126 215 178 -1 -1 -1 -1 
134 19 53 406 85 43 26 -1 -1 -1 -1 
134 19 82 337 86 28 15 -1 -1 -1 -1 
134 19 87 208 102 37 18 -1 -1 -1 -1 
134 19 100 351 105 201 174 -1 -1 -1 -1 
134 19 108 39 99 20 17 -1 -1 -1 -1 
134 19 120 549 115 90 154 -1 -1 -1 -1 
134 19 124 0 132 151 173 -1 -1 -1 -1 
135 19 1 0 157 70 255 -1 -1 -1 -1 
135 19 6 375 93 23 23 -1 -1 -1 -1 
135 19 22 82 113 19 16 -1 -1 -1 -1 
135 19 24 254 107 28 10 -1 -1 -1 -1 
135 19 52 129 131 214 176 -1 -1 -1 -1 
135 19 53 405 91 41 27 -1 -1 -1 -1 
135 19 82 336 92 27 15 -1 -1 -1 -1 
135 19 87 207 103 39 19 -1 -1 -1 -1 
135 19 100 342 112 215 170 -1 -1 -1 -1 
135 19 108 36 103 22 18 -1 -1 -1 -1 
135 19 120 547 121 92 156 -1 -1 -1 -1 
135 19 124 1 136 137 175 -1 -1 -1 -1 
136 19 1 1 157 57 235 -1 -1 -1 -1 
136 19 6 370 94 24 24 -1 -1 -1 -1 
136 19 22 76 112 20 15 -1 -1 -1 -1 
136 19 24 246 107 33 11 -1 -1 -1 -1 
136 19 52 120 133 213 177 -1 -1 -1 -1 
136 19 53 400 93 42 28 -1 -1 -1 -1 
136 19 82 330 94 29 15 -1 -1 -1 -1 
136 19 87 199 106 37 19 -1 -1 -1 -1 
136 19 100 335 116 204 171 -1 -1 -1 -1 
136 19 108 36 105 21 17 -1 -1 -1 -1 
136 19 120 535 127 104 157 -1 -1 -1 -1 
136 19 124 1 136 127 179 -1 -1 -1 -1 
137 19 1 0 163 49 211 -1 -1 -1 -1 
137 19 6 370 101 22 23 -1 -1 -1 -1 
137 19 22 74 113 21 16 -1 -1 -1 -1 
137 19 24 247 113 29 12 -1 -1 -1 -1 
137 19 52 118 142 210 178 -1 -1 -1 -1 
137 19 53 399 100 40 27 -1 -1 -1 -1 
137 19 82 331 101 27 14 -1 -1 -1 -1 
137 19 87 198 108 37 18 -1 -1 -1 -1 
137 19 100 329 121 207 174 -1 -1 -1 -1 
137 19 120 531 133 108 159 -1 -1 -1 -1 
137 19 124 0 143 174 176 -1 -1 -1 -1 
138 19 1 0 171 40 175 -1 -1 -1 -1 
138 19 6 368 108 24 24 -1 -1 -1 -1 
138 19 24 245 121 32 12 -1 -1 -1 -1 
138 19 52 119 147 203 178 -1 -1 -1 -1 
138 19 53 395 107 44 28 -1 -1 -1 -1 
138 19 82 330 107 27 15 -1 -1 -1 -1 
138 19 87 198 121 38 18 -1 -1 -1 -1 
138 19 100 324 129 207 170 -1 -1 -1 -1 
138 19 120 526 140 113 163 -1 -1 -1 -1 
138 19 121 78 130 42 25 -1 -1 -1 -1 
138 19 124 0 150 173 173 -1 -1 -1 -1 
139 19 1 0 176 31 171 -1 -1 -1 -1 
139 19 6 367 111 24 23 -1 -1 -1 -1 
139 19 24 245 123 31 12 -1 -1 -1 -1 
139 19 52 90 150 227 178 -1 -1 -1 -1 
139 19 53 392 110 46 28 -1 -1 -1 -1 
139 19 82 330 109 26 16 -1 -1 -1 -1 
139 19 87 197 123 38 17 -1 -1 -1 -1 
139 19 100 318 133 207 169 -1 -1 -1 -1 
139 19 120 521 144 118 168 -1 -1 -1 -1 
139 19 121 73 133 41 25 -1 -1 -1 -1 
139 19 124 3 151 160 175 -1 -1 -1 -1 
140 19 1 0 180 22 165 -1 -1 -1 -1 
140 19 6 367 112 22 23 -1 -1 -1 -1 
140 19 24 244 126 31 11 -1 -1 -1 -1 
140 19 52 70 152 243 178 -1 -1 -1 -1 
140 19 53 391 112 45 27 -1 -1 -1 -1 
140 19 82 330 111 26 15 -1 -1 -1 -1 
140 19 87 195 125 40 18 -1 -1 -1 -1 
140 19 100 313 135 223 169 -1 -1 -1 -1 
140 19 120 520 145 119 163 -1 -1 -1 -1 
140 19 121 68 131 49 25 -1 -1 -1 -1 
141 19 1 0 184 15 158 -1 -1 -1 -1 
141 19 6 368 112 23 24 -1 -1 -1 -1 
141 19 24 246 125 30 12 -1 -1 -1 -1 
141 19 52 110 153 199 179 -1 -1 -1 -1 
141 19 53 391 112 47 28 -1 -1 -1 -1 
141 19 82 337 112 20 15 -1 -1 -1 -1 
141 19 87 197 124 39 18 -1 -1 -1 -1 
141 19 100 315 136 202 169 -1 -1 -1 -1 
141 19 120 516 147 123 164 -1 -1 -1 -1 
142 19 6 372 114 21 23 -1 -1 -1 -1 
142 19 24 246 126 33 12 -1 -1 -1 -1 
142 19 52 97 154 212 180 -1 -1 -1 -1 
142 19 53 396 113 45 26 -1 -1 -1 -1 
142 19 82 337 115 19 14 -1 -1 -1 -1 
142 19 87 199 125 40 18 -1 -1 -1 -1 
142 19 100 309 137 215 169 -1 -1 -1 -1 
142 19 120 514 149 124 165 -1 -1 -1 -1 
142 19 121 65 134 56 24 -1 -1 -1 -1 
142 19 124 0 154 153 188 -1 -1 -1 -1 
143 19 6 373 112 24 24 -1 -1 -1 -1 
143 19 24 246 128 32 11 -1 -1 -1 -1 
143 19 52 92 152 215 176 -1 -1 -1 -1 
143 19 53 397 112 45 25 -1 -1 -1 -1 
143 19 87 203 124 44 17 -1 -1 -1 -1 
143 19 100 310 136 209 169 -1 -1 -1 -1 
143 19 120 514 146 125 168 -1 -1 -1 -1 
144 19 6 377 111 22 23 -1 -1 -1 -1 
144 19 52 88 149 217 179 -1 -1 -1 -1 
144 19 53 400 109 46 27 -1 -1 -1 -1 
144 19 82 349 110 17 14 -1 -1 -1 -1 
144 19 87 207 121 77 17 -1 -1 -1 -1 
144 19 100 311 134 218 170 -1 -1 -1 -1 
144 19 120 516 145 123 168 -1 -1 -1 -1 
144 19 124 1 154 146 169 -1 -1 -1 -1 
145 19 6 381 109 23 23 -1 -1 -1 -1 
145 19 24 261 121 28 11 -1 -1 -1 -1 
145 19 52 83 147 223 182 -1 -1 -1 -1 
145 19 53 402 107 46 28 -1 -1 -1 -1 
145 19 82 350 111 17 14 -1 -1 -1 -1 
145 19 87 208 122 80 18 -1 -1 -1 -1 
145 19 100 311 133 222 169 -1 -1 -1 -1 
145 19 120 519 144 120 167 -1 -1 -1 -1 
146 19 6 388 105 21 23 -1 -1 -1 -1 
146 19 24 263 118 31 12 -1 -1 -1 -1 
146 19 52 83 146 226 185 -1 -1 -1 -1 
146 19 53 413 103 42 28 -1 -1 -1 -1 
146 19 82 352 105 24 14 -1 -1 -1 -1 
146 19 100 315 129 221 172 -1 -1 -1 -1 
146 19 120 524 142 115 167 -1 -1 -1 -1 
146 19 124 0 153 146 170 -1 -1 -1 -1 
146 19 141 486 121 72 152 -1 -1 -1 -1 
147 19 6 393 107 23 24 -1 -1 -1 -1 
147 19 24 268 119 33 13 -1 -1 -1 -1 
147 19 52 61 147 252 185 -1 -1 -1 -1 
147 19 53 409 106 51 28 -1 -1 -1 -1 
147 19 82 360 105 23 15 -1 -1 -1 -1 
147 19 100 313 130 219 173 -1 -1 -1 -1 
147 19 120 532 143 107 169 -1 -1 -1 -1 
147 19 124 0 155 148 170 -1 -1 -1 -1 
148 19 6 393 108 23 23 -1 -1 -1 -1 
148 19 24 270 120 33 12 -1 -1 -1 -1 
148 19 52 80 146 229 186 -1 -1 -1 -1 
148 19 53 411 105 49 29 -1 -1 -1 -1 
148 19 82 360 105 24 16 -1 -1 -1 -1 
148 19 100 310 132 219 174 -1 -1 -1 -1 
148 19 120 527 144 112 170 -1 -1 -1 -1 
148 19 124 1 150 116 172 -1 -1 -1 -1 
149 19 6 392 106 21 23 -1 -1 -1 -1 
149 19 31 92 124 46 19 -1 -1 -1 -1 
149 19 52 50 145 250 185 -1 -1 -1 -1 
149 19 53 412 105 46 28 -1 -1 -1 -1 
149 19 82 358 105 26 15 -1 -1 -1 -1 
149 19 100 305 131 210 176 -1 -1 -1 -1 
149 19 120 523 145 116 169 -1 -1 -1 -1 
149 19 124 1 145 95 177 -1 -1 -1 -1 
149 19 141 484 123 70 157 -1 -1 -1 -1 
150 19 6 394 107 23 24 -1 -1 -1 -1 
150 19 31 92 129 48 18 -1 -1 -1 -1 
150 19 52 47 149 243 190 -1 -1 -1 -1 
150 19 53 413 106 47 27 -1 -1 -1 -1 
150 19 82 360 106 24 15 -1 -1 -1 -1 
150 19 87 237 130 77 24 -1 -1 -1 -1 
150 19 100 305 132 212 180 -1 -1 -1 -1 
150 19 120 525 146 114 171 -1 -1 -1 -1 
150 19 124 0 147 97 184 -1 -1 -1 -1 
150 19 141 482 124 73 156 -1 -1 -1 -1 
151 19 6 396 110 24 24 -1 -1 -1 -1 
151 19 31 93 131 47 17 -1 -1 -1 -1 
151 19 52 39 154 257 185 -1 -1 -1 -1 
151 19 53 414 109 49 28 -1 -1 -1 -1 
151 19 82 361 110 28 16 -1 -1 -1 -1 
151 19 87 238 131 82 25 -1 -1 -1 -1 
151 19 100 305 135 208 180 -1 -1 -1 -1 
151 19 120 525 147 114 174 -1 -1 -1 -1 
151 19 124 0 153 94 179 -1 -1 -1 -1 
152 19 6 394 110 23 24 -1 -1 -1 -1 
152 19 31 94 131 44 20 -1 -1 -1 -1 
152 19 52 2 154 277 187 -1 -1 -1 -1 
152 19 53 418 110 41 27 -1 -1 -1 -1 
152 19 82 362 110 23 15 -1 -1 -1 -1 
152 19 100 300 136 207 180 -1 -1 -1 -1 
152 19 120 518 147 121 173 -1 -1 -1 -1 
152 19 124 0 151 90 180 -1 -1 -1 -1 
152 19 141 477 128 70 157 -1 -1 -1 -1 
152 19 145 84 143 143 29 -1 -1 -1 -1 
153 19 6 395 114 21 24 -1 -1 -1 -1 
153 19 31 93 135 46 20 -1 -1 -1 -1 
153 19 52 21 157 257 189 -1 -1 -1 -1 
153 19 53 417 114 42 27 -1 -1 -1 -1 
153 19 82 365 114 21 14 -1 -1 -1 -1 
153 19 100 298 138 206 183 -1 -1 -1 -1 
153 19 120 517 151 122 174 -1 -1 -1 -1 
153 19 124 0 157 85 177 -1 -1 -1 -1 
153 19 141 387 130 158 159 -1 -1 -1 -1 
153 19 145 83 143 141 28 -1 -1 -1 -1 
154 19 6 395 115 24 26 -1 -1 -1 -1 
154 19 31 92 138 47 21 -1 -1 -1 -1 
154 19 52 0 159 270 189 -1 -1 -1 -1 
154 19 53 415 115 46 29 -1 -1 -1 -1 
154 19 82 366 115 22 15 -1 -1 -1 -1 
154 19 100 295 140 209 182 -1 -1 -1 -1 
154 19 120 516 153 123 175 -1 -1 -1 -1 
154 19 124 0 158 82 178 -1 -1 -1 -1 
154 19 141 383 131 159 160 -1 -1 -1 -1 
155 19 6 394 114 24 26 -1 -1 -1 -1 
155 19 31 92 136 47 20 -1 -1 -1 -1 
155 19 52 0 159 261 190 -1 -1 -1 -1 
155 19 53 413 115 47 28 -1 -1 -1 -1 
155 19 82 366 115 20 14 -1 -1 -1 -1 
155 19 100 290 141 208 180 -1 -1 -1 -1 
155 19 120 510 153 128 178 -1 -1 -1 -1 
155 19 141 459 131 79 158 -1 -1 -1 -1 
156 19 6 393 115 24 26 -1 -1 -1 -1 
156 19 22 95 132 19 14 -1 -1 -1 -1 
156 19 31 91 136 45 19 -1 -1 -1 -1 
156 19 52 0 159 251 191 -1 -1 -1 -1 
156 19 53 410 115 48 29 -1 -1 -1 -1 
156 19 82 367 116 21 14 -1 -1 -1 -1 
156 19 100 282 141 210 182 -1 -1 -1 -1 
156 19 120 505 154 134 175 -1 -1 -1 -1 
156 19 141 385 133 149 159 -1 -1 -1 -1 
156 19 149 215 146 78 145 -1 -1 -1 -1 
157 19 6 391 117 23 25 -1 -1 -1 -1 
157 19 22 93 135 20 12 -1 -1 -1 -1 
157 19 31 88 139 46 19 -1 -1 -1 -1 
157 19 52 0 162 246 191 -1 -1 -1 -1 
157 19 53 415 116 40 29 -1 -1 -1 -1 
157 19 82 363 117 22 14 -1 -1 -1 -1 
157 19 100 271 141 216 183 -1 -1 -1 -1 
157 19 120 501 155 138 176 -1 -1 -1 -1 
157 19 141 460 133 70 160 -1 -1 -1 -1 
157 19 145 0 151 210 36 -1 -1 -1 -1 
157 19 149 210 146 80 145 -1 -1 -1 -1 
158 19 6 387 118 25 26 -1 -1 -1 -1 
158 19 22 93 136 21 13 -1 -1 -1 -1 
158 19 24 253 131 44 13 -1 -1 -1 -1 
158 19 31 75 141 55 20 -1 -1 -1 -1 
158 19 52 0 164 237 191 -1 -1 -1 -1 
158 19 53 414 117 38 29 -1 -1 -1 -1 
158 19 82 355 118 27 15 -1 -1 -1 -1 
158 19 100 262 143 216 182 -1 -1 -1 -1 
158 19 120 492 156 147 177 -1 -1 -1 -1 
158 19 141 367 135 157 161 -1 -1 -1 -1 
159 19 6 383 118 23 25 -1 -1 -1 -1 
159 19 24 262 131 30 13 -1 -1 -1 -1 
159 19 31 71 140 56 21 -1 -1 -1 -1 
159 19 52 0 163 228 192 -1 -1 -1 -1 
159 19 53 402 117 45 28 -1 -1 -1 -1 
159 19 82 352 118 25 14 -1 -1 -1 -1 
159 19 100 258 143 212 183 -1 -1 -1 -1 
159 19 120 483 156 156 177 -1 -1 -1 -1 
159 19 141 370 135 147 160 -1 -1 -1 -1 
159 19 145 0 151 198 37 -1 -1 -1 -1 
159 19 149 199 145 81 149 -1 -1 -1 -1 
160 19 6 380 118 24 24 -1 -1 -1 -1 
160 19 24 263 132 29 12 -1 -1 -1 -1 
160 19 31 67 137 56 21 -1 -1 -1 -1 
160 19 52 0 161 218 192 -1 -1 -1 -1 
160 19 53 406 117 38 27 -1 -1 -1 -1 
160 19 82 353 117 22 15 -1 -1 -1 -1 
160 19 100 254 142 213 183 -1 -1 -1 -1 
160 19 120 480 154 158 180 -1 -1 -1 -1 
160 19 141 438 134 71 162 -1 -1 -1 -1 
160 19 145 1 149 193 36 -1 -1 -1 -1 
160 19 149 192 144 98 149 -1 -1 -1 -1 
161 19 6 376 117 25 24 -1 -1 -1 -1 
161 19 31 65 138 56 21 -1 -1 -1 -1 
161 19 52 0 158 206 190 -1 -1 -1 -1 
161 19 53 399 117 40 27 -1 -1 -1 -1 
161 19 82 347 116 24 16 -1 -1 -1 -1 
161 19 100 240 142 217 183 -1 -1 -1 -1 
161 19 120 470 156 169 184 -1 -1 -1 -1 
161 19 141 439 134 64 162 -1 -1 -1 -1 
161 19 145 0 150 192 36 -1 -1 -1 -1 
162 19 6 374 117 23 23 -1 -1 -1 -1 
162 19 52 0 155 197 192 -1 -1 -1 -1 
162 19 53 399 117 36 26 -1 -1 -1 -1 
162 19 82 344 115 25 15 -1 -1 -1 -1 
162 19 100 236 141 215 181 -1 -1 -1 -1 
162 19 120 465 157 174 186 -1 -1 -1 -1 
162 19 141 342 135 154 161 -1 -1 -1 -1 
162 19 149 184 140 76 151 -1 -1 -1 -1 
163 19 6 376 117 23 22 -1 -1 -1 -1 
163 19 52 0 155 196 193 -1 -1 -1 -1 
163 19 53 395 117 43 25 -1 -1 -1 -1 
163 19 82 348 115 23 16 -1 -1 -1 -1 
163 19 100 247 141 203 179 -1 -1 -1 -1 
163 19 120 465 157 174 186 -1 -1 -1 -1 
163 19 141 338 134 159 159 -1 -1 -1 -1 
163 19 149 183 141 75 148 -1 -1 -1 -1 
164 19 6 382 113 22 23 -1 -1 -1 -1 
164 19 52 0 155 199 193 -1 -1 -1 -1 
164 19 53 402 112 42 26 -1 -1 -1 -1 
164 19 82 350 112 27 15 -1 -1 -1 -1 
164 19 100 244 138 216 178 -1 -1 -1 -1 
164 19 120 469 150 169 191 -1 -1 -1 -1 
164 19 141 432 130 68 156 -1 -1 -1 -1 
164 19 149 189 139 73 146 -1 -1 -1 -1 
165 19 6 386 108 24 24 -1 -1 -1 -1 
165 19 52 0 151 197 189 -1 -1 -1 -1 
165 19 53 406 109 42 25 -1 -1 -1 -1 
165 19 82 355 107 27 15 -1 -1 -1 -1 
165 19 87 215 116 57 21 -1 -1 -1 -1 
165 19 100 230 133 225 177 -1 -1 -1 -1 
165 19 108 49 109 26 17 -1 -1 -1 -1 
165 19 120 469 145 169 197 -1 -1 -1 -1 
165 19 141 435 127 68 158 -1 -1 -1 -1 
165 19 149 191 131 109 145 -1 -1 -1 -1 
166 19 6 389 104 24 23 -1 -1 -1 -1 
166 19 52 0 145 194 190 -1 -1 -1 -1 
166 19 53 410 103 40 25 -1 -1 -1 -1 
166 19 82 358 103 27 14 -1 -1 -1 -1 
166 19 87 217 112 35 19 -1 -1 -1 -1 
166 19 100 231 128 224 180 -1 -1 -1 -1 
166 19 108 53 102 25 17 -1 -1 -1 -1 
166 19 120 463 143 176 198 -1 -1 -1 -1 
166 19 141 343 124 159 159 -1 -1 -1 -1 
166 19 149 194 130 49 141 -1 -1 -1 -1 
167 19 6 390 101 25 24 -1 -1 -1 -1 
167 19 52 0 142 190 193 -1 -1 -1 -1 
167 19 53 413 101 40 25 -1 -1 -1 -1 
167 19 82 362 101 25 13 -1 -1 -1 -1 
167 19 87 216 111 31 18 -1 -1 -1 -1 
167 19 100 228 126 225 182 -1 -1 -1 -1 
167 19 108 57 100 23 17 -1 -1 -1 -1 
167 19 120 465 140 174 202 -1 -1 -1 -1 
167 19 141 341 122 160 160 -1 -1 -1 -1 
167 19 149 192 124 111 155 -1 -1 -1 -1 
168 19 6 396 101 24 24 -1 -1 -1 -1 
168 19 24 256 111 48 12 -1 -1 -1 -1 
168 19 52 0 143 195 189 -1 -1 -1 -1 
168 19 53 415 101 42 25 -1 -1 -1 -1 
168 19 82 366 100 26 14 -1 -1 -1 -1 
168 19 87 224 111 33 17 -1 -1 -1 -1 
168 19 100 228 125 227 185 -1 -1 -1 -1 
168 19 108 58 98 23 18 -1 -1 -1 -1 
168 19 120 464 138 175 205 -1 -1 -1 -1 
168 19 141 343 120 159 161 -1 -1 -1 -1 
168 19 149 196 130 51 155 -1 -1 -1 -1 
169 19 6 397 100 23 23 -1 -1 -1 -1 
169 19 24 255 109 51 13 -1 -1 -1 -1 
169 19 52 0 142 188 188 -1 -1 -1 -1 
169 19 53 411 100 46 24 -1 -1 -1 -1 
169 19 82 368 99 24 13 -1 -1 -1 -1 
169 19 87 225 110 33 17 -1 -1 -1 -1 
169 19 100 236 123 215 186 -1 -1 -1 -1 
169 19 108 61 100 24 18 -1 -1 -1 -1 
169 19 120 462 136 177 207 -1 -1 -1 -1 
169 19 141 342 119 158 162 -1 -1 -1 -1 
169 19 149 193 129 48 157 -1 -1 -1 -1 
170 19 6 396 98 25 24 -1 -1 -1 -1 
170 19 52 0 140 183 188 -1 -1 -1 -1 
170 19 53 415 97 42 25 -1 -1 -1 -1 
170 19 82 369 97 25 14 -1 -1 -1 -1 
170 19 87 224 108 35 18 -1 -1 -1 -1 
170 19 100 227 123 220 189 -1 -1 -1 -1 
170 19 108 63 99 24 19 -1 -1 -1 -1 
170 19 120 455 135 184 208 -1 -1 -1 -1 
170 19 141 329 117 166 163 -1 -1 -1 -1 
171 19 6 398 97 23 23 -1 -1 -1 -1 
171 19 52 0 141 181 188 -1 -1 -1 -1 
171 19 53 416 96 41 24 -1 -1 -1 -1 
171 19 82 368 97 25 13 -1 -1 -1 -1 
171 19 87 226 109 31 16 -1 -1 -1 -1 
171 19 100 223 122 221 203 -1 -1 -1 -1 
171 19 120 454 133 183 205 -1 -1 -1 -1 
171 19 141 327 116 166 163 -1 -1 -1 -1 
171 19 149 187 126 56 165 -1 -1 -1 -1 
172 19 6 400 95 24 24 -1 -1 -1 -1 
172 19 24 281 108 29 12 -1 -1 -1 -1 
172 19 52 0 143 179 187 -1 -1 -1 -1 
172 19 53 414 94 46 25 -1 -1 -1 -1 
172 19 82 373 95 23 14 -1 -1 -1 -1 
172 19 87 226 108 30 16 -1 -1 -1 -1 
172 19 100 226 120 221 203 -1 -1 -1 -1 
172 19 120 454 129 182 206 -1 -1 -1 -1 
172 19 141 332 112 162 167 -1 -1 -1 -1 
172 19 149 186 126 61 166 -1 -1 -1 -1 
173 19 6 402 92 24 24 -1 -1 -1 -1 
173 19 24 283 108 28 10 -1 -1 -1 -1 
173 19 52 0 140 164 188 -1 -1 -1 -1 
173 19 53 416 90 46 26 -1 -1 -1 -1 
173 19 82 374 93 24 15 -1 -1 -1 -1 
173 19 100 208 118 235 205 -1 -1 -1 -1 
173 19 120 450 127 182 206 -1 -1 -1 -1 
173 19 141 327 110 166 165 -1 -1 -1 -1 
174 19 6 398 91 24 24 -1 -1 -1 -1 
174 19 52 0 138 150 188 -1 -1 -1 -1 
174 19 53 412 90 45 25 -1 -1 -1 -1 
174 19 100 207 118 228 201 -1 -1 -1 -1 
174 19 120 443 128 178 211 -1 -1 -1 -1 
174 19 141 321 108 165 168 -1 -1 -1 -1 
174 19 149 173 121 65 169 -1 -1 -1 -1 
174 19 161 248 115 61 24 -1 -1 -1 -1 
175 19 6 392 93 25 24 -1 -1 -1 -1 
175 19 52 1 139 135 191 -1 -1 -1 -1 
175 19 53 410 92 42 25 -1 -1 -1 -1 
175 19 87 222 107 32 16 -1 -1 -1 -1 
175 19 100 204 122 218 195 -1 -1 -1 -1 
175 19 120 432 131 180 210 -1 -1 -1 -1 
175 19 141 307 110 170 163 -1 -1 -1 -1 
175 19 149 167 120 74 170 -1 -1 -1 -1 
176 19 6 389 95 25 25 -1 -1 -1 -1 
176 19 52 1 147 123 193 -1 -1 -1 -1 
176 19 53 407 94 40 24 -1 -1 -1 -1 
176 19 87 221 106 32 17 -1 -1 -1 -1 
176 19 100 185 125 229 205 -1 -1 -1 -1 
176 19 108 58 103 23 19 -1 -1 -1 -1 
176 19 120 417 132 187 213 -1 -1 -1 -1 
176 19 141 301 112 169 164 -1 -1 -1 -1 
176 19 149 157 129 67 169 -1 -1 -1 -1 
176 19 161 241 121 57 23 -1 -1 -1 -1 
177 19 6 384 97 25 25 -1 -1 -1 -1 
177 19 52 0 151 110 191 -1 -1 -1 -1 
177 19 53 404 96 38 24 -1 -1 -1 -1 
177 19 100 173 126 232 200 -1 -1 -1 -1 
177 19 108 53 107 23 18 -1 -1 -1 -1 
177 19 120 411 134 184 213 -1 -1 -1 -1 
177 19 141 291 116 171 163 -1 -1 -1 -1 
177 19 149 142 168 63 132 -1 -1 -1 -1 
177 19 161 236 123 52 23 -1 -1 -1 -1 
178 19 6 377 99 25 24 -1 -1 -1 -1 
178 19 52 0 151 94 192 -1 -1 -1 -1 
178 19 53 393 98 41 23 -1 -1 -1 -1 
178 19 100 158 129 233 196 -1 -1 -1 -1 
178 19 108 45 107 24 18 -1 -1 -1 -1 
178 19 120 401 136 179 212 -1 -1 -1 -1 
178 19 141 282 117 169 164 -1 -1 -1 -1 
178 19 149 124 173 74 132 -1 -1 -1 -1 
178 19 161 230 125 52 21 -1 -1 -1 -1 
179 19 6 368 101 25 24 -1 -1 -1 -1 
179 19 52 0 150 76 194 -1 -1 -1 -1 
179 19 53 405 101 20 21 -1 -1 -1 -1 
179 19 82 340 101 25 15 -1 -1 -1 -1 
179 19 87 198 116 31 16 -1 -1 -1 -1 
179 19 100 148 131 227 200 -1 -1 -1 -1 
179 19 108 36 106 22 18 -1 -1 -1 -1 
179 19 120 383 141 183 212 -1 -1 -1 -1 
179 19 141 268 122 170 161 -1 -1 -1 -1 
179 19 149 105 172 77 133 -1 -1 -1 -1 
179 19 161 220 127 48 21 -1 -1 -1 -1 
180 19 6 358 103 25 24 -1 -1 -1 -1 
180 19 31 50 121 40 14 -1 -1 -1 -1 
180 19 52 0 149 57 195 -1 -1 -1 -1 
180 19 53 371 105 43 21 -1 -1 -1 -1 
180 19 82 332 103 26 15 -1 -1 -1 -1 
180 19 87 188 116 32 17 -1 -1 -1 -1 
180 19 100 125 132 238 199 -1 -1 -1 -1 
180 19 108 25 105 22 18 -1 -1 -1 -1 
180 19 120 367 144 182 210 -1 -1 -1 -1 
180 19 141 260 124 166 158 -1 -1 -1 -1 
180 19 149 88 171 77 134 -1 -1 -1 -1 
180 19 161 210 127 48 22 -1 -1 -1 -1 
180 19 163 555 172 84 256 -1 -1 -1 -1 
180 19 164 114 133 59 39 -1 -1 -1 -1 
181 19 6 349 104 25 24 -1 -1 -1 -1 
181 19 24 230 116 28 11 -1 -1 -1 -1 
181 19 31 50 121 38 12 -1 -1 -1 -1 
181 19 52 0 150 42 196 -1 -1 -1 -1 
181 19 53 360 104 45 24 -1 -1 -1 -1 
181 19 82 324 103 24 15 -1 -1 -1 -1 
181 19 87 178 115 34 18 -1 -1 -1 -1 
181 19 100 110 133 248 194 -1 -1 -1 -1 
181 19 108 20 105 22 19 -1 -1 -1 -1 
181 19 120 356 145 180 210 -1 -1 -1 -1 
181 19 141 247 125 178 157 -1 -1 -1 -1 
181 19 149 77 168 86 138 -1 -1 -1 -1 
181 19 161 200 128 48 21 -1 -1 -1 -1 
181 19 163 539 159 100 256 -1 -1 -1 -1 
181 19 164 102 133 59 37 -1 -1 -1 -1 
182 19 6 345 104 25 24 -1 -1 -1 -1 
182 19 24 226 116 29 12 -1 -1 -1 -1 
182 19 52 0 154 30 192 -1 -1 -1 -1 
182 19 53 358 104 44 27 -1 -1 -1 -1 
182 19 82 321 104 23 14 -1 -1 -1 -1 
182 19 87 174 116 33 17 -1 -1 -1 -1 
182 19 100 100 134 244 187 -1 -1 -1 -1 
182 19 108 12 108 23 19 -1 -1 -1 -1 
182 19 120 346 144 183 210 -1 -1 -1 -1 
182 19 149 67 168 82 139 -1 -1 -1 -1 
182 19 161 199 130 44 20 -1 -1 -1 -1 
182 19 163 532 155 107 265 -1 -1 -1 -1 
182 19 164 94 135 59 34 -1 -1 -1 -1 
183 19 6 342 101 27 23 -1 -1 -1 -1 
183 19 24 220 114 31 13 -1 -1 -1 -1 
183 19 31 34 121 38 15 -1 -1 -1 -1 
183 19 52 0 155 17 191 -1 -1 -1 -1 
183 19 53 357 103 43 55 -1 -1 -1 -1 
183 19 82 320 102 21 14 -1 -1 -1 -1 
183 19 100 90 132 256 183 -1 -1 -1 -1 
183 19 108 8 106 23 18 -1 -1 -1 -1 
183 19 120 337 140 185 211 -1 -1 -1 -1 
183 19 149 49 164 89 135 -1 -1 -1 -1 
183 19 161 193 131 44 20 -1 -1 -1 -1 
183 19 163 523 137 116 280 -1 -1 -1 -1 
183 19 164 86 133 62 30 -1 -1 -1 -1 
183 19 166 0 134 89 170 -1 -1 -1 -1 
184 19 6 339 95 25 22 -1 -1 -1 -1 
184 19 24 217 108 32 12 -1 -1 -1 -1 
184 19 31 31 112 36 16 -1 -1 -1 -1 
184 19 53 349 103 51 58 -1 -1 -1 -1 
184 19 82 316 102 22 15 -1 -1 -1 -1 
184 19 100 81 126 247 191 -1 -1 -1 -1 
184 19 108 4 98 24 19 -1 -1 -1 -1 
184 19 120 329 134 185 214 -1 -1 -1 -1 
184 19 149 36 165 93 135 -1 -1 -1 -1 
184 19 163 510 137 129 278 -1 -1 -1 -1 
185 19 6 336 87 27 22 -1 -1 -1 -1 
185 19 24 213 108 33 11 -1 -1 -1 -1 
185 19 31 29 106 36 17 -1 -1 -1 -1 
185 19 82 314 88 24 15 -1 -1 -1 -1 
185 19 100 76 123 246 181 -1 -1 -1 -1 
185 19 108 1 94 23 18 -1 -1 -1 -1 
185 19 120 319 127 190 214 -1 -1 -1 -1 
185 19 163 501 128 138 274 -1 -1 -1 -1 
185 19 166 0 120 73 175 -1 -1 -1 -1 
185 19 167 232 108 155 93 -1 -1 -1 -1 
185 19 169 600 107 39 33 -1 -1 -1 -1 
186 19 6 334 83 25 21 -1 -1 -1 -1 
186 19 31 26 103 36 18 -1 -1 -1 -1 
186 19 82 311 87 23 14 -1 -1 -1 -1 
186 19 100 65 116 248 187 -1 -1 -1 -1 
186 19 108 0 92 20 18 -1 -1 -1 -1 
186 19 120 317 120 184 220 -1 -1 -1 -1 
186 19 149 18 127 109 158 -1 -1 -1 -1 
186 19 163 492 115 147 285 -1 -1 -1 -1 
186 19 166 0 117 65 175 -1 -1 -1 -1 
