3 19 1 552 130 247 148 -1 -1 -1 -1 
3 19 2 25 132 246 147 -1 -1 -1 -1 
3 19 3 232 128 217 137 -1 -1 -1 -1 
4 19 1 546 132 253 146 -1 -1 -1 -1 
4 19 2 22 133 237 147 -1 -1 -1 -1 
4 19 3 227 130 221 135 -1 -1 -1 -1 
5 19 1 540 133 258 146 -1 -1 -1 -1 
5 19 2 17 135 229 147 -1 -1 -1 -1 
5 19 3 220 131 227 135 -1 -1 -1 -1 
6 19 1 529 128 269 150 -1 -1 -1 -1 
6 19 2 5 137 216 149 -1 -1 -1 -1 
6 19 3 211 133 232 133 -1 -1 -1 -1 
7 19 1 528 127 271 152 -1 -1 -1 -1 
7 19 2 4 138 216 149 -1 -1 -1 -1 
7 19 3 211 134 231 132 -1 -1 -1 -1 
8 19 1 528 127 271 152 -1 -1 -1 -1 
8 19 2 4 138 216 149 -1 -1 -1 -1 
8 19 3 211 134 231 132 -1 -1 -1 -1 
9 19 1 519 122 276 155 -1 -1 -1 -1 
9 19 2 0 138 214 149 -1 -1 -1 -1 
9 19 3 202 134 235 132 -1 -1 -1 -1 
10 19 1 510 120 276 163 -1 -1 -1 -1 
10 19 2 0 139 212 148 -1 -1 -1 -1 
10 19 3 200 134 233 133 -1 -1 -1 -1 
11 19 1 504 119 274 164 -1 -1 -1 -1 
11 19 2 0 142 209 147 -1 -1 -1 -1 
11 19 3 198 134 232 134 -1 -1 -1 -1 
12 19 1 498 117 268 162 -1 -1 -1 -1 
12 19 2 0 142 207 145 -1 -1 -1 -1 
12 19 3 186 134 233 133 -1 -1 -1 -1 
13 19 1 488 117 267 162 -1 -1 -1 -1 
13 19 2 0 144 209 146 -1 -1 -1 -1 
13 19 3 180 131 229 135 -1 -1 -1 -1 
14 19 1 482 120 263 159 -1 -1 -1 -1 
14 19 2 0 144 204 143 -1 -1 -1 -1 
14 19 3 176 131 220 136 -1 -1 -1 -1 
15 19 1 478 124 260 151 -1 -1 -1 -1 
15 19 2 0 145 201 141 -1 -1 -1 -1 
15 19 3 167 129 215 138 -1 -1 -1 -1 
16 19 1 470 125 258 150 -1 -1 -1 -1 
16 19 2 0 146 196 138 -1 -1 -1 -1 
16 19 3 163 128 207 140 -1 -1 -1 -1 
17 19 1 463 125 262 150 -1 -1 -1 -1 
17 19 2 0 144 187 145 -1 -1 -1 -1 
17 19 3 154 129 210 139 -1 -1 -1 -1 
18 19 1 457 126 265 150 -1 -1 -1 -1 
18 19 2 0 143 185 146 -1 -1 -1 -1 
18 19 3 147 129 215 139 -1 -1 -1 -1 
19 19 1 447 127 271 143 -1 -1 -1 -1 
19 19 2 0 142 166 148 -1 -1 -1 -1 
19 19 3 142 130 217 140 -1 -1 -1 -1 
19 19 6 755 139 44 70 -1 -1 -1 -1 
20 19 1 442 129 268 140 -1 -1 -1 -1 
20 19 2 0 141 165 150 -1 -1 -1 -1 
20 19 3 136 130 212 137 -1 -1 -1 -1 
20 19 6 745 142 54 71 -1 -1 -1 -1 
21 19 1 436 130 267 142 -1 -1 -1 -1 
21 19 2 0 140 153 149 -1 -1 -1 -1 
21 19 3 129 131 215 137 -1 -1 -1 -1 
21 19 6 734 141 65 72 -1 -1 -1 -1 
22 19 1 429 130 266 143 -1 -1 -1 -1 
22 19 2 0 138 137 142 -1 -1 -1 -1 
22 19 3 122 131 220 138 -1 -1 -1 -1 
22 19 6 727 139 72 73 -1 -1 -1 -1 
23 19 1 422 128 268 145 -1 -1 -1 -1 
23 19 2 0 138 121 141 -1 -1 -1 -1 
23 19 3 115 130 224 138 -1 -1 -1 -1 
23 19 6 711 137 88 84 -1 -1 -1 -1 
24 19 1 413 127 270 148 -1 -1 -1 -1 
24 19 2 0 139 113 144 -1 -1 -1 -1 
24 19 3 111 131 221 137 -1 -1 -1 -1 
24 19 6 701 134 98 102 -1 -1 -1 -1 
25 19 1 409 125 272 154 -1 -1 -1 -1 
25 19 2 0 139 109 148 -1 -1 -1 -1 
25 19 3 105 132 231 135 -1 -1 -1 -1 
25 19 6 691 128 108 112 -1 -1 -1 -1 
26 19 1 399 127 260 145 -1 -1 -1 -1 
26 19 2 0 138 105 148 -1 -1 -1 -1 
26 19 3 97 131 236 136 -1 -1 -1 -1 
26 19 6 680 124 119 163 -1 -1 -1 -1 
27 19 1 388 125 252 149 -1 -1 -1 -1 
27 19 2 0 138 100 147 -1 -1 -1 -1 
27 19 3 90 130 236 136 -1 -1 -1 -1 
27 19 6 669 124 130 167 -1 -1 -1 -1 
28 19 1 378 125 250 150 -1 -1 -1 -1 
28 19 2 0 140 93 145 -1 -1 -1 -1 
28 19 3 82 130 228 138 -1 -1 -1 -1 
28 19 6 658 127 141 143 -1 -1 -1 -1 
29 19 1 366 126 248 149 -1 -1 -1 -1 
29 19 2 0 141 87 141 -1 -1 -1 -1 
29 19 3 71 131 237 138 -1 -1 -1 -1 
29 19 6 644 126 155 164 -1 -1 -1 -1 
30 19 1 356 128 249 147 -1 -1 -1 -1 
30 19 2 0 143 82 136 -1 -1 -1 -1 
30 19 3 71 132 221 138 -1 -1 -1 -1 
30 19 6 629 121 170 135 -1 -1 -1 -1 
31 19 1 346 126 244 149 -1 -1 -1 -1 
31 19 2 0 145 73 133 -1 -1 -1 -1 
31 19 3 57 132 225 139 -1 -1 -1 -1 
31 19 6 616 127 183 135 -1 -1 -1 -1 
31 19 8 721 134 78 101 -1 -1 -1 -1 
32 19 1 328 127 244 143 -1 -1 -1 -1 
32 19 2 1 152 62 125 -1 -1 -1 -1 
32 19 3 34 129 222 143 -1 -1 -1 -1 
32 19 6 596 125 203 119 -1 -1 -1 -1 
32 19 8 696 135 101 195 -1 -1 -1 -1 
33 19 1 319 128 244 143 -1 -1 -1 -1 
33 19 2 1 164 53 113 -1 -1 -1 -1 
33 19 3 27 128 248 145 -1 -1 -1 -1 
33 19 6 585 131 160 158 -1 -1 -1 -1 
33 19 8 671 129 128 156 -1 -1 -1 -1 
34 19 1 311 131 248 142 -1 -1 -1 -1 
34 19 2 1 185 42 95 -1 -1 -1 -1 
34 19 3 22 130 241 145 -1 -1 -1 -1 
34 19 6 569 136 156 160 -1 -1 -1 -1 
34 19 8 653 132 146 177 -1 -1 -1 -1 
35 19 1 305 137 253 140 -1 -1 -1 -1 
35 19 2 0 190 36 90 -1 -1 -1 -1 
35 19 3 15 131 234 149 -1 -1 -1 -1 
35 19 6 557 139 160 158 -1 -1 -1 -1 
35 19 8 633 144 166 198 -1 -1 -1 -1 
36 19 1 297 138 255 140 -1 -1 -1 -1 
36 19 3 7 128 225 152 -1 -1 -1 -1 
36 19 6 542 144 174 149 -1 -1 -1 -1 
36 19 8 614 152 185 199 -1 -1 -1 -1 
37 19 1 287 138 257 140 -1 -1 -1 -1 
37 19 3 3 128 211 154 -1 -1 -1 -1 
37 19 6 524 146 156 79 -1 -1 -1 -1 
37 19 8 595 159 204 194 -1 -1 -1 -1 
37 19 9 648 139 140 29 -1 -1 -1 -1 
38 19 1 279 138 259 141 -1 -1 -1 -1 
38 19 3 0 127 212 156 -1 -1 -1 -1 
38 19 6 517 146 123 67 -1 -1 -1 -1 
38 19 8 576 166 223 183 -1 -1 -1 -1 
38 19 9 630 140 133 34 -1 -1 -1 -1 
38 19 10 732 137 66 40 -1 -1 -1 -1 
39 19 1 270 136 260 144 -1 -1 -1 -1 
39 19 3 0 126 204 158 -1 -1 -1 -1 
39 19 6 508 138 238 69 -1 -1 -1 -1 
39 19 8 559 168 240 186 -1 -1 -1 -1 
39 19 9 613 141 140 36 -1 -1 -1 -1 
40 19 1 262 135 258 147 -1 -1 -1 -1 
40 19 3 0 122 194 160 -1 -1 -1 -1 
40 19 6 496 138 228 69 -1 -1 -1 -1 
40 19 8 542 165 257 188 -1 -1 -1 -1 
40 19 10 695 132 104 44 -1 -1 -1 -1 
41 19 1 255 132 244 140 -1 -1 -1 -1 
41 19 3 0 121 194 160 -1 -1 -1 -1 
41 19 6 486 136 222 73 -1 -1 -1 -1 
41 19 8 526 161 273 192 -1 -1 -1 -1 
41 19 10 723 137 76 35 -1 -1 -1 -1 
42 19 1 248 129 247 144 -1 -1 -1 -1 
42 19 3 0 120 192 158 -1 -1 -1 -1 
42 19 6 475 135 229 72 -1 -1 -1 -1 
42 19 8 500 153 299 154 -1 -1 -1 -1 
42 19 9 558 133 135 33 -1 -1 -1 -1 
43 19 1 244 128 241 145 -1 -1 -1 -1 
43 19 3 0 120 190 158 -1 -1 -1 -1 
43 19 8 494 152 305 204 -1 -1 -1 -1 
43 19 9 568 131 143 30 -1 -1 -1 -1 
44 19 1 236 133 238 146 -1 -1 -1 -1 
44 19 3 0 125 189 158 -1 -1 -1 -1 
44 19 8 479 153 320 207 -1 -1 -1 -1 
44 19 9 554 139 111 25 -1 -1 -1 -1 
45 19 1 232 157 283 141 -1 -1 -1 -1 
45 19 3 0 155 187 151 -1 -1 -1 -1 
45 19 8 460 177 339 202 -1 -1 -1 -1 
45 19 9 541 139 110 25 -1 -1 -1 -1 
46 19 1 224 162 270 142 -1 -1 -1 -1 
46 19 3 0 159 183 153 -1 -1 -1 -1 
46 19 8 442 184 356 211 -1 -1 -1 -1 
47 19 1 215 161 270 138 -1 -1 -1 -1 
47 19 3 0 159 178 146 -1 -1 -1 -1 
47 19 8 424 188 374 211 -1 -1 -1 -1 
48 19 1 209 163 238 125 -1 -1 -1 -1 
48 19 3 0 158 172 154 -1 -1 -1 -1 
48 19 8 407 187 353 212 -1 -1 -1 -1 
49 19 1 203 161 257 149 -1 -1 -1 -1 
49 19 3 0 160 164 149 -1 -1 -1 -1 
49 19 8 394 187 354 215 -1 -1 -1 -1 
49 19 18 583 178 213 204 -1 -1 -1 -1 
50 19 1 197 161 257 153 -1 -1 -1 -1 
50 19 3 1 152 154 151 -1 -1 -1 -1 
50 19 8 376 181 368 219 -1 -1 -1 -1 
50 19 18 558 169 241 231 -1 -1 -1 -1 
51 19 1 189 161 240 156 -1 -1 -1 -1 
51 19 3 0 150 139 151 -1 -1 -1 -1 
51 19 8 360 174 352 232 -1 -1 -1 -1 
51 19 18 633 182 166 227 -1 -1 -1 -1 
52 19 1 180 181 229 153 -1 -1 -1 -1 
52 19 3 0 167 116 153 -1 -1 -1 -1 
52 19 8 334 191 377 244 -1 -1 -1 -1 
52 19 18 627 211 172 230 -1 -1 -1 -1 
53 19 1 172 186 218 137 -1 -1 -1 -1 
53 19 3 0 171 105 153 -1 -1 -1 -1 
53 19 8 320 192 380 243 -1 -1 -1 -1 
53 19 18 533 213 266 240 -1 -1 -1 -1 
54 19 1 164 189 214 144 -1 -1 -1 -1 
54 19 3 0 173 94 146 -1 -1 -1 -1 
54 19 8 302 195 379 250 -1 -1 -1 -1 
54 19 18 523 213 276 240 -1 -1 -1 -1 
55 19 1 156 188 207 147 -1 -1 -1 -1 
55 19 3 0 167 86 161 -1 -1 -1 -1 
55 19 8 282 200 365 242 -1 -1 -1 -1 
55 19 18 514 209 285 243 -1 -1 -1 -1 
56 19 1 147 187 207 150 -1 -1 -1 -1 
56 19 3 0 166 83 164 -1 -1 -1 -1 
56 19 8 263 202 347 232 -1 -1 -1 -1 
56 19 18 494 187 289 259 -1 -1 -1 -1 
57 19 1 139 186 188 148 -1 -1 -1 -1 
57 19 3 0 164 81 162 -1 -1 -1 -1 
57 19 8 245 208 351 227 -1 -1 -1 -1 
57 19 18 491 184 285 266 -1 -1 -1 -1 
58 19 1 132 184 213 141 -1 -1 -1 -1 
58 19 3 0 171 76 149 -1 -1 -1 -1 
58 19 8 227 209 339 229 -1 -1 -1 -1 
58 19 18 481 177 284 269 -1 -1 -1 -1 
59 19 1 126 182 251 149 -1 -1 -1 -1 
59 19 3 0 169 77 150 -1 -1 -1 -1 
59 19 8 209 205 340 236 -1 -1 -1 -1 
59 19 18 473 173 283 275 -1 -1 -1 -1 
60 19 1 114 176 289 91 -1 -1 -1 -1 
60 19 3 0 167 75 146 -1 -1 -1 -1 
60 19 8 192 198 345 221 -1 -1 -1 -1 
60 19 18 456 190 285 262 -1 -1 -1 -1 
61 19 1 126 176 226 138 -1 -1 -1 -1 
61 19 3 2 167 44 134 -1 -1 -1 -1 
61 19 8 175 192 347 229 -1 -1 -1 -1 
61 19 18 441 186 286 261 -1 -1 -1 -1 
61 19 24 639 189 160 143 -1 -1 -1 -1 
62 19 1 111 170 221 153 -1 -1 -1 -1 
62 19 3 0 166 37 97 -1 -1 -1 -1 
62 19 8 156 187 329 215 -1 -1 -1 -1 
62 19 18 438 180 276 261 -1 -1 -1 -1 
62 19 24 649 202 150 114 -1 -1 -1 -1 
63 19 1 94 168 241 160 -1 -1 -1 -1 
63 19 3 0 163 29 81 -1 -1 -1 -1 
63 19 8 147 186 326 215 -1 -1 -1 -1 
63 19 18 440 196 260 239 -1 -1 -1 -1 
63 19 24 626 200 171 146 -1 -1 -1 -1 
64 19 3 0 164 27 71 -1 -1 -1 -1 
64 19 8 122 185 316 218 -1 -1 -1 -1 
64 19 18 426 195 260 247 -1 -1 -1 -1 
64 19 24 640 195 152 167 -1 -1 -1 -1 
64 19 28 721 199 78 83 -1 -1 -1 -1 
65 19 3 0 168 21 72 -1 -1 -1 -1 
65 19 8 105 182 313 232 -1 -1 -1 -1 
65 19 18 390 175 278 266 -1 -1 -1 -1 
65 19 24 634 189 163 178 -1 -1 -1 -1 
65 19 28 699 193 98 115 -1 -1 -1 -1 
65 19 29 84 172 86 71 -1 -1 -1 -1 
66 19 3 0 169 15 65 -1 -1 -1 -1 
66 19 8 76 175 327 225 -1 -1 -1 -1 
66 19 18 368 171 308 271 -1 -1 -1 -1 
66 19 24 628 188 169 185 -1 -1 -1 -1 
67 19 8 68 172 314 227 -1 -1 -1 -1 
67 19 9 122 159 136 30 -1 -1 -1 -1 
67 19 18 308 161 329 273 -1 -1 -1 -1 
67 19 28 651 205 143 225 -1 -1 -1 -1 
68 19 8 51 164 320 235 -1 -1 -1 -1 
68 19 9 103 159 138 32 -1 -1 -1 -1 
68 19 18 302 158 323 279 -1 -1 -1 -1 
68 19 28 623 205 176 248 -1 -1 -1 -1 
68 19 31 224 150 93 43 -1 -1 -1 -1 
69 19 8 16 164 352 241 -1 -1 -1 -1 
69 19 18 291 155 320 266 -1 -1 -1 -1 
69 19 28 597 205 202 242 -1 -1 -1 -1 
69 19 31 235 150 65 41 -1 -1 -1 -1 
69 19 32 623 171 109 47 -1 -1 -1 -1 
70 19 8 0 165 361 238 -1 -1 -1 -1 
70 19 18 272 158 317 256 -1 -1 -1 -1 
70 19 28 585 201 214 238 -1 -1 -1 -1 
70 19 31 214 150 73 38 -1 -1 -1 -1 
70 19 32 656 171 43 18 -1 -1 -1 -1 
71 19 8 0 167 326 237 -1 -1 -1 -1 
71 19 18 249 160 318 255 -1 -1 -1 -1 
71 19 28 558 193 241 243 -1 -1 -1 -1 
71 19 31 196 158 54 32 -1 -1 -1 -1 
72 19 8 0 181 291 221 -1 -1 -1 -1 
72 19 18 230 162 323 254 -1 -1 -1 -1 
72 19 28 541 180 258 255 -1 -1 -1 -1 
72 19 31 174 158 50 35 -1 -1 -1 -1 
73 19 8 0 186 261 220 -1 -1 -1 -1 
73 19 18 203 164 335 242 -1 -1 -1 -1 
73 19 28 515 176 284 253 -1 -1 -1 -1 
73 19 31 140 156 46 34 -1 -1 -1 -1 
74 19 8 0 189 228 219 -1 -1 -1 -1 
74 19 18 179 166 318 240 -1 -1 -1 -1 
74 19 28 488 168 311 250 -1 -1 -1 -1 
75 19 8 1 192 177 221 -1 -1 -1 -1 
75 19 18 150 167 340 250 -1 -1 -1 -1 
75 19 28 465 161 333 276 -1 -1 -1 -1 
76 19 8 0 190 152 224 -1 -1 -1 -1 
76 19 18 116 169 353 238 -1 -1 -1 -1 
76 19 28 438 162 361 255 -1 -1 -1 -1 
77 19 8 0 189 122 225 -1 -1 -1 -1 
77 19 18 86 171 352 238 -1 -1 -1 -1 
77 19 28 403 168 356 240 -1 -1 -1 -1 
78 19 8 0 191 97 216 -1 -1 -1 -1 
78 19 18 52 174 371 237 -1 -1 -1 -1 
78 19 28 379 167 338 264 -1 -1 -1 -1 
78 19 35 704 157 95 248 -1 -1 -1 -1 
79 19 8 0 202 70 214 -1 -1 -1 -1 
79 19 18 20 178 382 233 -1 -1 -1 -1 
79 19 28 345 162 335 257 -1 -1 -1 -1 
79 19 35 662 144 137 243 -1 -1 -1 -1 
80 19 8 0 177 75 237 -1 -1 -1 -1 
80 19 18 0 182 379 229 -1 -1 -1 -1 
80 19 28 350 164 282 240 -1 -1 -1 -1 
80 19 35 607 143 192 259 -1 -1 -1 -1 
81 19 8 0 175 58 239 -1 -1 -1 -1 
81 19 18 0 187 353 224 -1 -1 -1 -1 
81 19 28 284 161 324 238 -1 -1 -1 -1 
81 19 35 577 153 154 247 -1 -1 -1 -1 
82 19 18 0 193 331 227 -1 -1 -1 -1 
82 19 28 249 158 316 242 -1 -1 -1 -1 
82 19 35 541 154 158 249 -1 -1 -1 -1 
83 19 18 0 195 307 224 -1 -1 -1 -1 
83 19 28 225 163 339 238 -1 -1 -1 -1 
83 19 35 545 156 254 234 -1 -1 -1 -1 
84 19 18 0 194 288 224 -1 -1 -1 -1 
84 19 28 297 168 251 229 -1 -1 -1 -1 
84 19 35 520 156 279 238 -1 -1 -1 -1 
85 19 18 1 189 257 229 -1 -1 -1 -1 
85 19 28 234 166 293 232 -1 -1 -1 -1 
85 19 35 462 151 336 237 -1 -1 -1 -1 
86 19 18 0 186 245 236 -1 -1 -1 -1 
86 19 28 212 165 258 233 -1 -1 -1 -1 
86 19 35 443 145 341 240 -1 -1 -1 -1 
87 19 18 0 184 223 236 -1 -1 -1 -1 
87 19 28 184 162 292 235 -1 -1 -1 -1 
87 19 35 410 143 330 244 -1 -1 -1 -1 
87 19 43 696 167 103 95 -1 -1 -1 -1 
88 19 18 0 184 208 237 -1 -1 -1 -1 
88 19 28 166 159 231 245 -1 -1 -1 -1 
88 19 35 398 145 355 239 -1 -1 -1 -1 
88 19 43 681 171 109 100 -1 -1 -1 -1 
88 19 45 659 169 140 214 -1 -1 -1 -1 
89 19 18 0 185 197 237 -1 -1 -1 -1 
89 19 28 137 158 273 230 -1 -1 -1 -1 
89 19 35 367 147 319 232 -1 -1 -1 -1 
89 19 45 624 175 175 209 -1 -1 -1 -1 
90 19 18 0 188 161 231 -1 -1 -1 -1 
90 19 28 118 154 259 235 -1 -1 -1 -1 
90 19 35 346 152 313 226 -1 -1 -1 -1 
90 19 45 593 179 185 206 -1 -1 -1 -1 
91 19 18 0 190 134 229 -1 -1 -1 -1 
91 19 28 98 153 227 236 -1 -1 -1 -1 
91 19 35 321 154 330 225 -1 -1 -1 -1 
91 19 45 562 173 237 213 -1 -1 -1 -1 
91 19 49 614 153 185 31 -1 -1 -1 -1 
92 19 18 0 194 105 222 -1 -1 -1 -1 
92 19 28 78 154 226 234 -1 -1 -1 -1 
92 19 35 302 153 311 223 -1 -1 -1 -1 
92 19 45 535 169 262 217 -1 -1 -1 -1 
92 19 49 576 149 222 29 -1 -1 -1 -1 
93 19 18 0 196 99 232 -1 -1 -1 -1 
93 19 28 50 156 237 222 -1 -1 -1 -1 
93 19 35 282 153 344 226 -1 -1 -1 -1 
93 19 45 506 162 292 217 -1 -1 -1 -1 
93 19 49 568 146 212 29 -1 -1 -1 -1 
94 19 18 0 200 81 234 -1 -1 -1 -1 
94 19 28 13 158 259 218 -1 -1 -1 -1 
94 19 35 265 151 282 215 -1 -1 -1 -1 
94 19 45 481 161 318 212 -1 -1 -1 -1 
95 19 18 0 204 62 219 -1 -1 -1 -1 
95 19 28 1 162 254 211 -1 -1 -1 -1 
95 19 35 249 148 301 224 -1 -1 -1 -1 
95 19 45 454 165 344 219 -1 -1 -1 -1 
95 19 55 702 145 64 26 -1 -1 -1 -1 
96 19 18 0 205 44 218 -1 -1 -1 -1 
96 19 28 0 166 262 222 -1 -1 -1 -1 
96 19 35 235 143 354 226 -1 -1 -1 -1 
96 19 45 430 167 365 223 -1 -1 -1 -1 
97 19 28 0 166 274 214 -1 -1 -1 -1 
97 19 35 214 142 439 226 -1 -1 -1 -1 
97 19 45 403 169 362 209 -1 -1 -1 -1 
97 19 58 691 205 108 115 -1 -1 -1 -1 
98 19 28 2 164 238 244 -1 -1 -1 -1 
98 19 35 201 145 428 225 -1 -1 -1 -1 
98 19 45 378 169 352 212 -1 -1 -1 -1 
98 19 58 661 196 138 177 -1 -1 -1 -1 
99 19 28 0 163 203 208 -1 -1 -1 -1 
99 19 35 205 152 398 223 -1 -1 -1 -1 
99 19 45 354 169 362 217 -1 -1 -1 -1 
99 19 58 632 184 167 216 -1 -1 -1 -1 
100 19 28 0 164 182 207 -1 -1 -1 -1 
100 19 35 164 154 414 217 -1 -1 -1 -1 
100 19 45 324 173 337 209 -1 -1 -1 -1 
100 19 49 366 156 220 27 -1 -1 -1 -1 
100 19 58 603 182 196 217 -1 -1 -1 -1 
100 19 63 580 130 219 68 -1 -1 -1 -1 
101 19 28 0 165 177 207 -1 -1 -1 -1 
101 19 35 177 156 367 221 -1 -1 -1 -1 
101 19 45 304 177 181 207 -1 -1 -1 -1 
101 19 49 343 156 218 27 -1 -1 -1 -1 
101 19 58 575 189 224 201 -1 -1 -1 -1 
101 19 63 559 129 240 70 -1 -1 -1 -1 
102 19 28 0 165 186 208 -1 -1 -1 -1 
102 19 35 153 156 387 212 -1 -1 -1 -1 
102 19 45 271 182 349 217 -1 -1 -1 -1 
102 19 58 542 186 257 218 -1 -1 -1 -1 
102 19 63 540 126 258 77 -1 -1 -1 -1 
103 19 28 1 165 136 209 -1 -1 -1 -1 
103 19 35 138 155 381 209 -1 -1 -1 -1 
103 19 45 249 184 356 215 -1 -1 -1 -1 
103 19 58 511 195 288 211 -1 -1 -1 -1 
103 19 63 558 133 241 73 -1 -1 -1 -1 
104 19 28 0 164 120 209 -1 -1 -1 -1 
104 19 35 119 149 377 218 -1 -1 -1 -1 
104 19 45 224 188 357 209 -1 -1 -1 -1 
104 19 58 480 203 319 202 -1 -1 -1 -1 
104 19 63 539 137 260 74 -1 -1 -1 -1 
105 19 28 0 164 118 207 -1 -1 -1 -1 
105 19 35 101 148 383 219 -1 -1 -1 -1 
105 19 45 201 189 351 208 -1 -1 -1 -1 
105 19 58 449 196 350 208 -1 -1 -1 -1 
105 19 63 468 144 324 76 -1 -1 -1 -1 
106 19 28 0 164 125 205 -1 -1 -1 -1 
106 19 45 176 187 353 211 -1 -1 -1 -1 
106 19 58 421 182 378 222 -1 -1 -1 -1 
106 19 63 493 159 272 66 -1 -1 -1 -1 
107 19 28 0 168 131 220 -1 -1 -1 -1 
107 19 45 152 183 353 215 -1 -1 -1 -1 
107 19 58 392 183 407 230 -1 -1 -1 -1 
107 19 63 484 165 248 55 -1 -1 -1 -1 
107 19 69 672 124 120 57 -1 -1 -1 -1 
108 19 28 3 168 101 206 -1 -1 -1 -1 
108 19 45 127 181 356 217 -1 -1 -1 -1 
108 19 58 364 178 435 237 -1 -1 -1 -1 
108 19 63 471 163 234 54 -1 -1 -1 -1 
108 19 69 648 127 115 52 -1 -1 -1 -1 
109 19 28 3 173 85 196 -1 -1 -1 -1 
109 19 35 32 156 359 127 -1 -1 -1 -1 
109 19 45 99 180 363 218 -1 -1 -1 -1 
109 19 58 338 172 436 241 -1 -1 -1 -1 
109 19 63 460 166 230 52 -1 -1 -1 -1 
109 19 69 637 128 109 49 -1 -1 -1 -1 
110 19 28 6 177 61 194 -1 -1 -1 -1 
110 19 35 11 160 351 147 -1 -1 -1 -1 
110 19 45 71 179 373 215 -1 -1 -1 -1 
110 19 58 310 174 417 239 -1 -1 -1 -1 
110 19 73 678 143 84 65 -1 -1 -1 -1 
111 19 28 5 178 51 193 -1 -1 -1 -1 
111 19 35 0 161 368 111 -1 -1 -1 -1 
111 19 45 40 183 379 204 -1 -1 -1 -1 
111 19 58 283 174 401 232 -1 -1 -1 -1 
111 19 73 666 140 69 54 -1 -1 -1 -1 
111 19 75 721 190 78 105 -1 -1 -1 -1 
112 19 35 0 162 345 103 -1 -1 -1 -1 
112 19 45 14 187 382 204 -1 -1 -1 -1 
112 19 58 256 175 399 237 -1 -1 -1 -1 
112 19 75 736 198 54 71 -1 -1 -1 -1 
113 19 45 2 189 371 203 -1 -1 -1 -1 
113 19 58 231 177 389 229 -1 -1 -1 -1 
113 19 63 312 148 280 65 -1 -1 -1 -1 
113 19 79 661 148 130 35 -1 -1 -1 -1 
113 19 81 586 198 213 190 -1 -1 -1 -1 
114 19 45 0 183 355 209 -1 -1 -1 -1 
114 19 58 200 181 423 234 -1 -1 -1 -1 
114 19 63 300 146 274 64 -1 -1 -1 -1 
114 19 79 703 147 38 10 -1 -1 -1 -1 
114 19 81 547 189 252 192 -1 -1 -1 -1 
115 19 45 0 186 293 217 -1 -1 -1 -1 
115 19 49 3 164 297 37 -1 -1 -1 -1 
115 19 58 173 189 394 240 -1 -1 -1 -1 
115 19 63 289 131 206 75 -1 -1 -1 -1 
115 19 81 509 186 289 240 -1 -1 -1 -1 
115 19 85 552 180 188 69 -1 -1 -1 -1 
116 19 45 0 186 288 214 -1 -1 -1 -1 
116 19 49 5 164 268 39 -1 -1 -1 -1 
116 19 58 143 189 436 240 -1 -1 -1 -1 
116 19 63 269 128 290 80 -1 -1 -1 -1 
116 19 81 470 185 329 199 -1 -1 -1 -1 
116 19 85 533 186 190 69 -1 -1 -1 -1 
116 19 88 549 154 176 41 -1 -1 -1 -1 
117 19 45 2 186 249 221 -1 -1 -1 -1 
117 19 49 0 164 254 40 -1 -1 -1 -1 
117 19 58 113 197 402 241 -1 -1 -1 -1 
117 19 63 247 131 273 81 -1 -1 -1 -1 
117 19 81 436 174 362 223 -1 -1 -1 -1 
117 19 88 508 149 192 48 -1 -1 -1 -1 
118 19 45 2 176 216 233 -1 -1 -1 -1 
118 19 58 79 204 419 243 -1 -1 -1 -1 
118 19 63 230 131 273 83 -1 -1 -1 -1 
118 19 81 399 171 400 237 -1 -1 -1 -1 
118 19 85 477 177 186 63 -1 -1 -1 -1 
118 19 88 490 148 191 46 -1 -1 -1 -1 
119 19 45 0 173 258 217 -1 -1 -1 -1 
119 19 58 46 207 433 239 -1 -1 -1 -1 
119 19 63 211 134 274 89 -1 -1 -1 -1 
119 19 81 362 169 437 270 -1 -1 -1 -1 
119 19 85 455 179 184 61 -1 -1 -1 -1 
119 19 88 433 156 152 38 -1 -1 -1 -1 
120 19 45 1 201 202 206 -1 -1 -1 -1 
120 19 49 0 176 195 39 -1 -1 -1 -1 
120 19 58 14 209 416 237 -1 -1 -1 -1 
120 19 63 226 144 233 86 -1 -1 -1 -1 
120 19 81 328 167 457 262 -1 -1 -1 -1 
120 19 88 440 153 183 39 -1 -1 -1 -1 
121 19 45 0 195 205 108 -1 -1 -1 -1 
121 19 49 0 178 179 38 -1 -1 -1 -1 
121 19 58 1 213 396 235 -1 -1 -1 -1 
121 19 63 169 152 272 79 -1 -1 -1 -1 
121 19 81 298 171 472 263 -1 -1 -1 -1 
121 19 88 340 155 268 37 -1 -1 -1 -1 
122 19 45 0 187 148 86 -1 -1 -1 -1 
122 19 58 0 217 372 235 -1 -1 -1 -1 
122 19 63 150 157 154 72 -1 -1 -1 -1 
122 19 81 264 176 446 249 -1 -1 -1 -1 
122 19 88 321 157 262 35 -1 -1 -1 -1 
123 19 45 0 188 128 72 -1 -1 -1 -1 
123 19 58 0 212 357 238 -1 -1 -1 -1 
123 19 63 168 178 109 46 -1 -1 -1 -1 
123 19 81 232 163 453 251 -1 -1 -1 -1 
123 19 88 324 157 242 33 -1 -1 -1 -1 
124 19 58 0 209 333 243 -1 -1 -1 -1 
124 19 63 119 179 117 43 -1 -1 -1 -1 
124 19 81 200 166 447 257 -1 -1 -1 -1 
124 19 88 304 158 237 32 -1 -1 -1 -1 
124 19 95 0 171 180 58 -1 -1 -1 -1 
124 19 96 452 149 139 32 -1 -1 -1 -1 
125 19 58 0 207 322 245 -1 -1 -1 -1 
125 19 63 94 182 111 41 -1 -1 -1 -1 
125 19 81 164 165 444 262 -1 -1 -1 -1 
125 19 95 2 176 131 61 -1 -1 -1 -1 
125 19 96 428 149 143 33 -1 -1 -1 -1 
125 8 97 691 154 108 134 -1 -1 -1 -1 
126 19 58 1 201 253 252 -1 -1 -1 -1 
126 19 81 126 168 522 262 -1 -1 -1 -1 
126 19 95 0 176 151 66 -1 -1 -1 -1 
126 8 97 661 170 138 108 -1 -1 -1 -1 
126 19 98 440 187 211 222 -1 -1 -1 -1 
127 19 58 0 191 210 263 -1 -1 -1 -1 
127 19 81 87 168 456 274 -1 -1 -1 -1 
127 19 85 292 162 196 49 -1 -1 -1 -1 
127 19 95 0 177 133 55 -1 -1 -1 -1 
127 19 97 580 174 219 106 -1 -1 -1 -1 
128 19 58 0 185 169 264 -1 -1 -1 -1 
128 19 81 43 181 476 252 -1 -1 -1 -1 
128 19 85 270 163 198 49 -1 -1 -1 -1 
128 19 95 0 179 113 43 -1 -1 -1 -1 
128 19 96 346 162 121 26 -1 -1 -1 -1 
128 8 97 588 175 199 105 -1 -1 -1 -1 
129 19 58 0 190 143 265 -1 -1 -1 -1 
129 19 81 7 191 475 237 -1 -1 -1 -1 
129 19 85 247 165 175 50 -1 -1 -1 -1 
129 19 88 384 160 67 26 -1 -1 -1 -1 
129 19 95 0 179 85 37 -1 -1 -1 -1 
129 19 96 321 165 117 24 -1 -1 -1 -1 
129 19 97 585 177 171 164 -1 -1 -1 -1 
129 19 103 413 184 170 227 -1 -1 -1 -1 
129 19 104 710 190 89 104 -1 -1 -1 -1 
130 19 58 3 191 95 262 -1 -1 -1 -1 
130 19 81 45 196 398 241 -1 -1 -1 -1 
130 19 85 224 164 174 50 -1 -1 -1 -1 
130 19 88 301 159 136 34 -1 -1 -1 -1 
130 19 95 1 179 87 53 -1 -1 -1 -1 
130 19 97 523 176 207 176 -1 -1 -1 -1 
130 19 103 397 189 152 225 -1 -1 -1 -1 
130 19 104 685 190 114 180 -1 -1 -1 -1 
131 19 58 0 269 62 175 -1 -1 -1 -1 
131 19 81 2 191 427 253 -1 -1 -1 -1 
131 19 88 254 158 159 40 -1 -1 -1 -1 
131 19 95 0 177 83 56 -1 -1 -1 -1 
131 19 97 498 176 221 186 -1 -1 -1 -1 
131 19 103 397 182 177 227 -1 -1 -1 -1 
131 19 104 664 183 135 103 -1 -1 -1 -1 
132 19 58 0 276 35 169 -1 -1 -1 -1 
132 19 81 0 190 389 256 -1 -1 -1 -1 
132 19 88 225 158 181 41 -1 -1 -1 -1 
132 19 103 365 193 177 220 -1 -1 -1 -1 
132 19 104 650 183 149 105 -1 -1 -1 -1 
133 19 81 0 187 359 249 -1 -1 -1 -1 
133 19 103 335 193 182 203 -1 -1 -1 -1 
133 19 104 629 182 169 149 -1 -1 -1 -1 
133 19 112 536 138 127 38 -1 -1 -1 -1 
133 19 113 699 130 100 67 -1 -1 -1 -1 
134 19 81 0 188 322 251 -1 -1 -1 -1 
134 19 88 297 158 86 44 -1 -1 -1 -1 
134 19 97 607 178 192 199 -1 -1 -1 -1 
134 19 103 301 191 226 202 -1 -1 -1 -1 
134 19 104 606 179 193 169 -1 -1 -1 -1 
134 19 112 519 140 133 45 -1 -1 -1 -1 
134 19 113 681 139 90 53 -1 -1 -1 -1 
134 19 114 357 171 251 145 -1 -1 -1 -1 
135 19 81 0 187 299 266 -1 -1 -1 -1 
135 19 88 284 158 93 46 -1 -1 -1 -1 
135 19 97 577 178 222 209 -1 -1 -1 -1 
135 19 103 274 190 231 204 -1 -1 -1 -1 
135 19 112 519 136 136 30 -1 -1 -1 -1 
135 19 113 693 157 96 30 -1 -1 -1 -1 
135 19 114 318 177 255 148 -1 -1 -1 -1 
136 19 81 0 189 259 254 -1 -1 -1 -1 
136 19 97 561 182 238 211 -1 -1 -1 -1 
136 19 103 233 189 260 205 -1 -1 -1 -1 
136 19 112 515 135 130 28 -1 -1 -1 -1 
136 19 113 706 166 56 17 -1 -1 -1 -1 
137 19 81 0 192 225 211 -1 -1 -1 -1 
137 19 97 534 182 265 196 -1 -1 -1 -1 
137 19 103 197 187 301 203 -1 -1 -1 -1 
137 19 114 281 179 267 167 -1 -1 -1 -1 
137 19 117 473 148 176 89 -1 -1 -1 -1 
138 19 81 0 199 186 243 -1 -1 -1 -1 
138 19 97 526 185 273 199 -1 -1 -1 -1 
138 19 103 180 185 276 203 -1 -1 -1 -1 
138 19 117 451 144 185 87 -1 -1 -1 -1 
139 19 81 0 206 170 236 -1 -1 -1 -1 
139 19 97 493 185 306 203 -1 -1 -1 -1 
139 19 103 160 191 271 201 -1 -1 -1 -1 
139 19 117 471 153 158 80 -1 -1 -1 -1 
139 19 119 11 167 78 40 -1 -1 -1 -1 
140 19 81 0 207 145 194 -1 -1 -1 -1 
140 19 97 483 184 316 194 -1 -1 -1 -1 
140 19 103 140 195 273 198 -1 -1 -1 -1 
140 19 112 720 160 77 26 -1 -1 -1 -1 
140 19 117 457 152 161 81 -1 -1 -1 -1 
140 19 119 10 170 75 38 -1 -1 -1 -1 
141 19 81 0 216 114 224 -1 -1 -1 -1 
141 19 97 601 202 198 185 -1 -1 -1 -1 
141 19 103 104 198 250 202 -1 -1 -1 -1 
141 19 112 741 162 58 26 -1 -1 -1 -1 
141 19 114 184 174 229 145 -1 -1 -1 -1 
142 19 81 0 221 85 222 -1 -1 -1 -1 
142 19 97 602 204 197 187 -1 -1 -1 -1 
142 19 103 84 197 247 210 -1 -1 -1 -1 
142 19 114 158 172 225 111 -1 -1 -1 -1 
142 19 127 395 156 63 102 -1 -1 -1 -1 
143 19 81 0 217 54 179 -1 -1 -1 -1 
143 19 97 426 176 370 217 -1 -1 -1 -1 
143 19 103 48 202 261 229 -1 -1 -1 -1 
143 19 114 132 173 236 88 -1 -1 -1 -1 
143 19 117 381 157 178 88 -1 -1 -1 -1 
143 19 127 387 157 59 96 -1 -1 -1 -1 
143 19 130 637 147 145 33 -1 -1 -1 -1 
144 19 81 0 223 25 176 -1 -1 -1 -1 
144 19 97 397 180 386 219 -1 -1 -1 -1 
144 19 103 2 200 330 249 -1 -1 -1 -1 
144 19 114 113 174 224 117 -1 -1 -1 -1 
144 19 117 358 163 140 103 -1 -1 -1 -1 
144 19 130 573 151 189 33 -1 -1 -1 -1 
145 19 81 0 226 0 171 -1 -1 -1 -1 
145 19 97 383 184 364 217 -1 -1 -1 -1 
145 19 103 0 200 320 252 -1 -1 -1 -1 
145 19 114 114 174 210 107 -1 -1 -1 -1 
145 19 117 354 159 114 105 -1 -1 -1 -1 
145 19 130 551 152 191 33 -1 -1 -1 -1 
146 19 97 508 189 217 211 -1 -1 -1 -1 
146 19 103 0 199 243 238 -1 -1 -1 -1 
146 19 114 108 176 190 119 -1 -1 -1 -1 
146 19 117 340 157 108 96 -1 -1 -1 -1 
147 19 97 349 192 352 212 -1 -1 -1 -1 
147 19 103 0 196 257 230 -1 -1 -1 -1 
147 19 114 81 177 202 119 -1 -1 -1 -1 
147 19 117 329 166 100 109 -1 -1 -1 -1 
147 19 136 239 171 125 148 -1 -1 -1 -1 
148 19 97 331 194 349 208 -1 -1 -1 -1 
148 19 103 0 197 250 231 -1 -1 -1 -1 
148 19 114 9 175 254 134 -1 -1 -1 -1 
148 19 117 313 167 94 112 -1 -1 -1 -1 
148 19 136 259 165 103 132 -1 -1 -1 -1 
148 19 138 670 209 129 117 -1 -1 -1 -1 
149 19 97 284 188 376 213 -1 -1 -1 -1 
149 19 103 0 185 249 240 -1 -1 -1 -1 
149 19 114 0 174 243 137 -1 -1 -1 -1 
149 19 136 245 164 114 146 -1 -1 -1 -1 
149 19 138 646 207 153 112 -1 -1 -1 -1 
149 19 140 696 174 65 47 -1 -1 -1 -1 
150 19 97 261 192 378 213 -1 -1 -1 -1 
150 19 103 0 183 233 236 -1 -1 -1 -1 
150 19 138 623 207 175 198 -1 -1 -1 -1 
150 19 140 675 172 123 53 -1 -1 -1 -1 
150 19 141 356 174 71 31 -1 -1 -1 -1 
150 19 142 605 163 85 61 -1 -1 -1 -1 
150 19 144 107 171 172 86 -1 -1 -1 -1 
151 19 97 255 194 367 207 -1 -1 -1 -1 
151 19 103 0 189 223 184 -1 -1 -1 -1 
151 19 138 599 201 200 217 -1 -1 -1 -1 
151 19 140 656 169 142 61 -1 -1 -1 -1 
151 19 141 330 176 81 30 -1 -1 -1 -1 
151 19 142 583 159 92 70 -1 -1 -1 -1 
151 19 144 109 173 147 105 -1 -1 -1 -1 
152 19 97 232 197 379 208 -1 -1 -1 -1 
152 19 103 0 192 207 230 -1 -1 -1 -1 
152 19 138 575 200 224 217 -1 -1 -1 -1 
152 19 140 638 169 161 62 -1 -1 -1 -1 
152 19 141 318 174 83 35 -1 -1 -1 -1 
152 19 142 548 147 107 80 -1 -1 -1 -1 
152 19 144 102 172 147 95 -1 -1 -1 -1 
152 19 147 434 172 128 31 -1 -1 -1 -1 
152 19 148 742 154 54 22 -1 -1 -1 -1 
153 19 97 219 201 365 214 -1 -1 -1 -1 
153 19 103 0 191 197 235 -1 -1 -1 -1 
153 19 130 393 172 149 34 -1 -1 -1 -1 
153 19 138 552 199 247 225 -1 -1 -1 -1 
153 19 140 670 166 129 42 -1 -1 -1 -1 
153 19 141 288 157 162 47 -1 -1 -1 -1 
153 19 142 524 148 116 73 -1 -1 -1 -1 
153 19 144 138 177 92 93 -1 -1 -1 -1 
153 19 147 419 170 136 34 -1 -1 -1 -1 
154 19 88 273 158 153 36 -1 -1 -1 -1 
154 19 97 193 204 376 207 -1 -1 -1 -1 
154 19 103 0 190 182 234 -1 -1 -1 -1 
154 19 130 393 167 135 40 -1 -1 -1 -1 
154 19 138 529 198 268 228 -1 -1 -1 -1 
154 19 140 672 166 127 40 -1 -1 -1 -1 
154 19 141 276 166 257 50 -1 -1 -1 -1 
154 19 142 506 150 149 71 -1 -1 -1 -1 
154 19 144 118 179 100 91 -1 -1 -1 -1 
155 19 88 349 158 97 29 -1 -1 -1 -1 
155 19 97 163 205 366 214 -1 -1 -1 -1 
155 19 103 0 192 165 236 -1 -1 -1 -1 
155 19 112 711 156 87 23 -1 -1 -1 -1 
155 19 130 351 165 162 46 -1 -1 -1 -1 
155 19 138 507 192 292 235 -1 -1 -1 -1 
155 19 141 267 165 278 53 -1 -1 -1 -1 
155 19 142 489 155 103 63 -1 -1 -1 -1 
155 19 144 127 181 80 84 -1 -1 -1 -1 
156 19 88 354 158 94 28 -1 -1 -1 -1 
156 19 97 129 202 373 204 -1 -1 -1 -1 
156 19 103 0 192 141 240 -1 -1 -1 -1 
156 19 112 713 156 86 23 -1 -1 -1 -1 
156 19 130 256 166 225 57 -1 -1 -1 -1 
156 19 138 482 192 317 248 -1 -1 -1 -1 
157 19 97 109 200 391 234 -1 -1 -1 -1 
157 19 103 0 194 123 241 -1 -1 -1 -1 
157 19 130 241 169 221 57 -1 -1 -1 -1 
157 19 138 458 194 341 249 -1 -1 -1 -1 
157 19 154 628 153 59 31 -1 -1 -1 -1 
158 19 97 82 204 378 238 -1 -1 -1 -1 
158 19 103 0 193 108 241 -1 -1 -1 -1 
158 19 130 240 166 209 47 -1 -1 -1 -1 
158 19 138 434 200 365 240 -1 -1 -1 -1 
158 19 154 609 159 63 31 -1 -1 -1 -1 
158 19 155 516 140 133 54 -1 -1 -1 -1 
159 19 97 56 202 398 231 -1 -1 -1 -1 
159 19 103 0 194 95 117 -1 -1 -1 -1 
159 19 130 256 162 167 52 -1 -1 -1 -1 
159 19 138 408 205 384 238 -1 -1 -1 -1 
159 19 147 418 184 78 35 -1 -1 -1 -1 
159 19 154 591 162 60 28 -1 -1 -1 -1 
159 19 155 501 142 135 55 -1 -1 -1 -1 
160 19 97 33 206 388 232 -1 -1 -1 -1 
160 19 103 0 202 77 155 -1 -1 -1 -1 
160 19 130 210 174 198 44 -1 -1 -1 -1 
160 19 138 383 206 379 240 -1 -1 -1 -1 
160 19 147 412 185 76 36 -1 -1 -1 -1 
160 19 154 579 166 135 28 -1 -1 -1 -1 
161 19 97 0 212 420 210 -1 -1 -1 -1 
161 19 103 0 202 62 114 -1 -1 -1 -1 
161 19 130 223 182 157 38 -1 -1 -1 -1 
161 19 138 359 207 378 237 -1 -1 -1 -1 
161 19 147 382 189 60 34 -1 -1 -1 -1 
161 19 154 562 166 61 24 -1 -1 -1 -1 
162 19 97 1 219 381 219 -1 -1 -1 -1 
162 19 103 0 208 46 78 -1 -1 -1 -1 
162 19 130 202 184 161 38 -1 -1 -1 -1 
162 19 138 333 207 391 239 -1 -1 -1 -1 
162 19 147 374 191 55 34 -1 -1 -1 -1 
162 19 154 547 169 61 22 -1 -1 -1 -1 
162 19 164 69 203 79 40 -1 -1 -1 -1 
163 19 97 0 222 353 224 -1 -1 -1 -1 
163 19 103 0 210 35 66 -1 -1 -1 -1 
163 19 130 217 198 109 30 -1 -1 -1 -1 
163 19 138 309 206 402 243 -1 -1 -1 -1 
163 19 164 14 193 139 57 -1 -1 -1 -1 
164 19 97 0 222 337 220 -1 -1 -1 -1 
164 19 130 179 200 148 29 -1 -1 -1 -1 
164 19 138 284 207 409 242 -1 -1 -1 -1 
164 19 164 0 190 147 61 -1 -1 -1 -1 
164 19 168 581 172 213 100 -1 -1 -1 -1 
165 19 97 1 222 303 227 -1 -1 -1 -1 
165 19 130 155 201 153 27 -1 -1 -1 -1 
165 19 138 259 210 399 238 -1 -1 -1 -1 
165 19 168 616 170 155 102 -1 -1 -1 -1 
165 19 171 725 174 74 81 -1 -1 -1 -1 
166 19 97 0 220 290 233 -1 -1 -1 -1 
166 19 130 138 205 150 24 -1 -1 -1 -1 
166 19 138 236 213 388 238 -1 -1 -1 -1 
166 19 168 616 168 153 100 -1 -1 -1 -1 
166 19 171 707 173 92 89 -1 -1 -1 -1 
166 19 173 470 164 52 38 -1 -1 -1 -1 
167 19 97 0 220 270 232 -1 -1 -1 -1 
167 19 138 208 216 395 229 -1 -1 -1 -1 
167 19 147 361 180 78 35 -1 -1 -1 -1 
167 19 168 566 175 170 114 -1 -1 -1 -1 
167 19 171 688 175 111 120 -1 -1 -1 -1 
167 19 173 454 170 52 31 -1 -1 -1 -1 
168 19 97 0 224 270 229 -1 -1 -1 -1 
168 19 130 125 210 121 21 -1 -1 -1 -1 
168 19 138 186 214 408 237 -1 -1 -1 -1 
168 19 147 349 179 59 34 -1 -1 -1 -1 
168 19 154 444 175 44 24 -1 -1 -1 -1 
168 19 168 541 174 177 110 -1 -1 -1 -1 
168 19 171 669 177 130 198 -1 -1 -1 -1 
168 19 173 443 174 47 27 -1 -1 -1 -1 
168 19 177 329 195 242 47 -1 -1 -1 -1 
169 19 97 1 229 235 223 -1 -1 -1 -1 
169 19 130 110 213 118 20 -1 -1 -1 -1 
169 19 138 160 213 428 241 -1 -1 -1 -1 
169 19 147 342 179 59 34 -1 -1 -1 -1 
169 19 154 429 177 48 24 -1 -1 -1 -1 
169 19 168 536 180 153 124 -1 -1 -1 -1 
169 19 171 649 178 150 206 -1 -1 -1 -1 
169 19 177 293 195 263 51 -1 -1 -1 -1 
170 19 97 0 229 244 220 -1 -1 -1 -1 
170 19 138 135 212 446 240 -1 -1 -1 -1 
170 19 154 413 179 47 23 -1 -1 -1 -1 
170 19 168 499 186 185 185 -1 -1 -1 -1 
170 19 171 629 183 170 198 -1 -1 -1 -1 
170 19 177 274 195 281 54 -1 -1 -1 -1 
170 19 182 204 197 67 45 -1 -1 -1 -1 
171 19 97 0 227 210 176 -1 -1 -1 -1 
171 19 138 109 211 439 240 -1 -1 -1 -1 
171 19 154 396 181 48 23 -1 -1 -1 -1 
171 19 168 510 183 152 192 -1 -1 -1 -1 
171 19 171 612 183 187 194 -1 -1 -1 -1 
171 19 182 193 192 61 48 -1 -1 -1 -1 
172 19 97 0 225 196 184 -1 -1 -1 -1 
172 19 138 83 210 459 240 -1 -1 -1 -1 
172 19 155 263 164 167 62 -1 -1 -1 -1 
172 19 168 489 182 170 188 -1 -1 -1 -1 
172 19 171 594 183 205 200 -1 -1 -1 -1 
172 19 182 183 190 66 52 -1 -1 -1 -1 
172 19 186 1 211 125 34 -1 -1 -1 -1 
173 19 97 0 221 183 184 -1 -1 -1 -1 
173 19 117 243 164 177 62 -1 -1 -1 -1 
173 19 138 59 213 439 238 -1 -1 -1 -1 
173 19 155 246 166 168 62 -1 -1 -1 -1 
173 19 168 464 186 183 200 -1 -1 -1 -1 
173 19 171 578 182 221 202 -1 -1 -1 -1 
173 19 186 0 205 139 36 -1 -1 -1 -1 
174 19 97 0 219 162 177 -1 -1 -1 -1 
174 19 112 700 159 99 29 -1 -1 -1 -1 
174 19 117 222 172 161 58 -1 -1 -1 -1 
174 19 138 34 217 437 234 -1 -1 -1 -1 
174 19 168 422 188 220 192 -1 -1 -1 -1 
174 19 171 562 181 237 199 -1 -1 -1 -1 
174 19 186 0 205 92 28 -1 -1 -1 -1 
175 19 97 0 218 140 143 -1 -1 -1 -1 
175 19 112 724 158 75 30 -1 -1 -1 -1 
175 19 117 221 174 158 55 -1 -1 -1 -1 
175 19 138 4 223 445 229 -1 -1 -1 -1 
175 19 168 394 188 193 123 -1 -1 -1 -1 
175 19 171 544 178 255 202 -1 -1 -1 -1 
175 19 186 0 200 92 30 -1 -1 -1 -1 
176 19 97 0 218 125 135 -1 -1 -1 -1 
176 19 112 723 159 76 29 -1 -1 -1 -1 
176 19 138 0 224 444 228 -1 -1 -1 -1 
176 19 144 0 222 137 66 -1 -1 -1 -1 
176 19 168 418 192 166 170 -1 -1 -1 -1 
176 19 171 530 177 269 207 -1 -1 -1 -1 
177 19 88 693 169 41 21 -1 -1 -1 -1 
177 19 112 710 161 76 29 -1 -1 -1 -1 
177 19 138 0 228 417 225 -1 -1 -1 -1 
177 19 144 0 221 115 44 -1 -1 -1 -1 
177 19 168 398 192 177 179 -1 -1 -1 -1 
177 19 171 514 178 285 205 -1 -1 -1 -1 
177 19 186 0 198 70 32 -1 -1 -1 -1 
178 19 88 708 169 41 22 -1 -1 -1 -1 
178 19 112 702 157 94 33 -1 -1 -1 -1 
178 19 138 1 229 368 225 -1 -1 -1 -1 
178 19 144 0 222 106 41 -1 -1 -1 -1 
178 19 168 308 186 218 206 -1 -1 -1 -1 
178 19 171 500 173 299 212 -1 -1 -1 -1 
179 19 112 702 157 94 33 -1 -1 -1 -1 
179 19 138 0 227 344 228 -1 -1 -1 -1 
179 19 168 321 190 225 198 -1 -1 -1 -1 
179 19 171 488 170 311 211 -1 -1 -1 -1 
179 19 193 144 201 232 187 -1 -1 -1 -1 
179 19 194 740 165 58 40 -1 -1 -1 -1 
180 19 138 0 225 338 230 -1 -1 -1 -1 
180 19 168 317 189 223 195 -1 -1 -1 -1 
180 19 171 481 165 313 218 -1 -1 -1 -1 
180 19 193 124 205 246 180 -1 -1 -1 -1 
180 19 194 720 159 79 38 -1 -1 -1 -1 
181 19 138 0 222 313 232 -1 -1 -1 -1 
181 19 168 250 177 258 197 -1 -1 -1 -1 
181 19 171 460 160 312 216 -1 -1 -1 -1 
181 19 193 107 208 240 173 -1 -1 -1 -1 
181 19 194 708 161 80 67 -1 -1 -1 -1 
181 19 196 17 202 108 41 -1 -1 -1 -1 
182 19 112 753 146 46 29 -1 -1 -1 -1 
182 19 138 0 224 302 231 -1 -1 -1 -1 
182 19 168 284 173 195 197 -1 -1 -1 -1 
182 19 171 446 158 298 221 -1 -1 -1 -1 
182 19 194 690 155 93 88 -1 -1 -1 -1 
182 19 196 1 201 108 40 -1 -1 -1 -1 
183 19 112 758 145 41 29 -1 -1 -1 -1 
183 19 138 0 226 266 227 -1 -1 -1 -1 
183 19 154 171 190 46 24 -1 -1 -1 -1 
183 19 168 263 175 227 191 -1 -1 -1 -1 
183 19 171 449 163 283 203 -1 -1 -1 -1 
183 19 193 105 207 218 225 -1 -1 -1 -1 
183 19 194 658 148 107 73 -1 -1 -1 -1 
183 19 196 2 199 68 39 -1 -1 -1 -1 
183 19 198 722 185 77 88 -1 -1 -1 -1 
184 19 138 1 229 249 222 -1 -1 -1 -1 
184 19 142 135 187 68 23 -1 -1 -1 -1 
184 19 154 152 190 47 26 -1 -1 -1 -1 
184 19 168 242 176 200 196 -1 -1 -1 -1 
184 19 171 412 162 303 208 -1 -1 -1 -1 
184 19 177 197 174 142 38 -1 -1 -1 -1 
184 19 193 88 208 224 232 -1 -1 -1 -1 
184 19 194 650 149 86 60 -1 -1 -1 -1 
185 19 138 0 231 221 218 -1 -1 -1 -1 
185 19 142 126 188 61 21 -1 -1 -1 -1 
185 19 168 223 170 239 196 -1 -1 -1 -1 
185 19 171 394 163 300 211 -1 -1 -1 -1 
185 19 177 188 172 139 39 -1 -1 -1 -1 
185 19 193 76 203 223 208 -1 -1 -1 -1 
185 19 194 639 152 83 54 -1 -1 -1 -1 
185 19 196 0 188 49 47 -1 -1 -1 -1 
186 19 112 553 171 86 24 -1 -1 -1 -1 
186 19 138 0 234 200 195 -1 -1 -1 -1 
186 19 168 244 189 175 188 -1 -1 -1 -1 
186 19 171 380 167 285 211 -1 -1 -1 -1 
186 19 193 55 202 235 206 -1 -1 -1 -1 
186 19 194 622 157 85 50 -1 -1 -1 -1 
186 19 198 654 182 145 96 -1 -1 -1 -1 
187 19 112 535 173 91 23 -1 -1 -1 -1 
187 19 138 0 236 181 191 -1 -1 -1 -1 
187 19 147 92 178 101 33 -1 -1 -1 -1 
187 19 168 219 182 188 196 -1 -1 -1 -1 
187 19 171 356 165 289 211 -1 -1 -1 -1 
187 19 193 2 205 272 211 -1 -1 -1 -1 
188 19 88 670 162 67 30 -1 -1 -1 -1 
188 19 147 79 178 102 32 -1 -1 -1 -1 
188 19 168 201 186 192 198 -1 -1 -1 -1 
188 19 171 382 175 255 199 -1 -1 -1 -1 
188 19 193 1 222 227 229 -1 -1 -1 -1 
188 19 194 591 160 98 48 -1 -1 -1 -1 
188 19 198 609 181 190 203 -1 -1 -1 -1 
189 19 88 673 161 69 32 -1 -1 -1 -1 
189 19 168 172 188 215 188 -1 -1 -1 -1 
189 19 171 363 168 257 182 -1 -1 -1 -1 
189 19 193 0 218 209 230 -1 -1 -1 -1 
189 19 194 578 161 81 43 -1 -1 -1 -1 
189 19 198 585 186 214 198 -1 -1 -1 -1 
190 19 88 638 162 74 28 -1 -1 -1 -1 
190 19 155 67 176 87 44 -1 -1 -1 -1 
190 19 168 157 191 204 184 -1 -1 -1 -1 
190 19 171 315 167 301 207 -1 -1 -1 -1 
190 19 193 0 219 185 235 -1 -1 -1 -1 
190 19 194 563 161 81 38 -1 -1 -1 -1 
190 19 198 562 183 237 200 -1 -1 -1 -1 
191 19 88 623 163 76 24 -1 -1 -1 -1 
191 19 155 56 177 83 42 -1 -1 -1 -1 
191 19 168 130 190 240 180 -1 -1 -1 -1 
191 19 171 331 172 279 203 -1 -1 -1 -1 
191 19 193 0 219 176 235 -1 -1 -1 -1 
191 19 194 547 161 84 38 -1 -1 -1 -1 
192 19 88 620 163 77 24 -1 -1 -1 -1 
192 19 154 0 186 62 34 -1 -1 -1 -1 
192 19 168 115 198 231 189 -1 -1 -1 -1 
192 19 171 294 171 281 193 -1 -1 -1 -1 
192 19 193 0 214 162 236 -1 -1 -1 -1 
192 19 198 520 180 279 205 -1 -1 -1 -1 
192 19 205 746 162 53 24 -1 -1 -1 -1 
193 19 154 0 186 45 35 -1 -1 -1 -1 
193 19 168 50 198 265 228 -1 -1 -1 -1 
193 19 171 284 171 276 176 -1 -1 -1 -1 
193 19 193 7 242 68 211 -1 -1 -1 -1 
193 19 194 527 156 78 49 -1 -1 -1 -1 
194 19 117 274 175 76 138 -1 -1 -1 -1 
194 19 168 69 193 228 212 -1 -1 -1 -1 
194 19 171 358 188 199 156 -1 -1 -1 -1 
194 19 193 0 245 51 206 -1 -1 -1 -1 
194 19 194 511 155 82 51 -1 -1 -1 -1 
194 19 198 476 174 323 215 -1 -1 -1 -1 
195 19 112 452 177 59 19 -1 -1 -1 -1 
195 19 117 280 175 65 143 -1 -1 -1 -1 
195 19 138 0 213 137 205 -1 -1 -1 -1 
195 19 168 59 199 220 195 -1 -1 -1 -1 
195 19 171 273 191 225 163 -1 -1 -1 -1 
195 19 177 4 183 118 30 -1 -1 -1 -1 
195 19 193 0 249 27 206 -1 -1 -1 -1 
196 19 112 438 175 68 21 -1 -1 -1 -1 
196 19 138 6 217 63 203 -1 -1 -1 -1 
196 19 168 39 193 230 221 -1 -1 -1 -1 
196 19 171 265 191 219 162 -1 -1 -1 -1 
196 19 177 0 184 103 28 -1 -1 -1 -1 
196 19 194 492 158 85 45 -1 -1 -1 -1 
197 19 112 424 176 70 21 -1 -1 -1 -1 
197 19 138 6 220 46 167 -1 -1 -1 -1 
197 19 168 1 188 261 228 -1 -1 -1 -1 
197 19 171 248 190 234 162 -1 -1 -1 -1 
197 19 194 483 159 80 45 -1 -1 -1 -1 
198 19 88 539 159 76 27 -1 -1 -1 -1 
198 19 112 333 175 78 19 -1 -1 -1 -1 
198 19 138 5 220 34 163 -1 -1 -1 -1 
198 19 168 0 187 261 233 -1 -1 -1 -1 
198 19 171 232 189 243 160 -1 -1 -1 -1 
198 19 194 472 163 73 45 -1 -1 -1 -1 
198 19 198 385 180 373 214 -1 -1 -1 -1 
199 19 88 527 159 71 28 -1 -1 -1 -1 
199 19 112 308 176 82 18 -1 -1 -1 -1 
199 19 168 0 188 247 231 -1 -1 -1 -1 
199 19 171 218 188 244 169 -1 -1 -1 -1 
199 19 194 461 165 69 45 -1 -1 -1 -1 
199 19 198 364 182 350 212 -1 -1 -1 -1 
200 19 88 517 159 72 27 -1 -1 -1 -1 
200 19 168 0 187 238 203 -1 -1 -1 -1 
200 19 171 201 189 245 136 -1 -1 -1 -1 
200 19 194 450 167 72 41 -1 -1 -1 -1 
200 19 198 341 179 357 215 -1 -1 -1 -1 
200 19 210 625 176 121 203 -1 -1 -1 -1 
200 19 211 680 172 119 94 -1 -1 -1 -1 
201 19 168 0 187 255 203 -1 -1 -1 -1 
201 19 171 197 192 223 164 -1 -1 -1 -1 
201 19 194 437 165 71 36 -1 -1 -1 -1 
201 19 198 320 176 362 215 -1 -1 -1 -1 
201 19 210 570 170 166 195 -1 -1 -1 -1 
201 19 211 720 173 79 85 -1 -1 -1 -1 
201 19 213 722 206 77 81 -1 -1 -1 -1 
202 19 168 2 193 193 159 -1 -1 -1 -1 
202 19 171 171 189 226 155 -1 -1 -1 -1 
202 19 194 443 164 61 28 -1 -1 -1 -1 
202 19 198 297 175 373 219 -1 -1 -1 -1 
202 19 210 508 170 213 203 -1 -1 -1 -1 
202 19 211 705 169 94 54 -1 -1 -1 -1 
202 19 213 702 203 96 180 -1 -1 -1 -1 
203 19 168 0 196 172 200 -1 -1 -1 -1 
203 19 171 158 189 221 154 -1 -1 -1 -1 
203 19 194 439 163 73 27 -1 -1 -1 -1 
203 19 198 276 179 366 214 -1 -1 -1 -1 
203 19 210 476 167 232 216 -1 -1 -1 -1 
203 19 211 718 169 75 41 -1 -1 -1 -1 
204 19 168 0 195 167 205 -1 -1 -1 -1 
204 19 171 147 196 228 157 -1 -1 -1 -1 
204 19 194 431 163 72 26 -1 -1 -1 -1 
204 19 198 254 181 366 218 -1 -1 -1 -1 
204 19 213 657 188 142 196 -1 -1 -1 -1 
205 19 168 0 200 159 203 -1 -1 -1 -1 
205 19 171 137 199 217 176 -1 -1 -1 -1 
205 19 198 231 184 375 211 -1 -1 -1 -1 
205 19 213 641 188 158 193 -1 -1 -1 -1 
206 19 168 0 202 167 191 -1 -1 -1 -1 
206 19 171 120 199 206 162 -1 -1 -1 -1 
206 19 198 209 185 354 213 -1 -1 -1 -1 
206 19 213 621 191 178 186 -1 -1 -1 -1 
207 19 88 647 174 126 33 -1 -1 -1 -1 
207 19 168 0 201 135 178 -1 -1 -1 -1 
207 19 171 108 198 200 180 -1 -1 -1 -1 
207 19 198 183 187 381 209 -1 -1 -1 -1 
207 19 213 601 192 198 168 -1 -1 -1 -1 
208 19 88 631 174 124 35 -1 -1 -1 -1 
208 19 168 1 202 104 176 -1 -1 -1 -1 
208 19 171 88 194 219 195 -1 -1 -1 -1 
208 19 198 161 187 380 209 -1 -1 -1 -1 
208 19 213 582 193 217 171 -1 -1 -1 -1 
209 19 88 632 175 122 36 -1 -1 -1 -1 
209 19 168 0 205 127 183 -1 -1 -1 -1 
209 19 171 70 191 222 195 -1 -1 -1 -1 
209 19 198 137 185 365 209 -1 -1 -1 -1 
209 19 213 520 188 279 126 -1 -1 -1 -1 
209 19 220 486 180 163 182 -1 -1 -1 -1 
210 19 88 617 176 109 33 -1 -1 -1 -1 
210 19 168 14 206 67 177 -1 -1 -1 -1 
210 19 171 17 189 246 198 -1 -1 -1 -1 
210 19 198 115 180 374 218 -1 -1 -1 -1 
210 19 213 542 200 255 181 -1 -1 -1 -1 
210 19 220 466 179 165 178 -1 -1 -1 -1 
211 19 88 620 177 112 33 -1 -1 -1 -1 
211 19 168 10 206 50 175 -1 -1 -1 -1 
211 19 171 1 184 237 201 -1 -1 -1 -1 
211 19 198 90 180 395 222 -1 -1 -1 -1 
211 19 213 525 193 274 191 -1 -1 -1 -1 
212 19 168 8 206 39 175 -1 -1 -1 -1 
212 19 171 5 182 161 204 -1 -1 -1 -1 
212 19 198 68 182 395 235 -1 -1 -1 -1 
212 19 213 503 187 296 202 -1 -1 -1 -1 
213 19 171 0 185 152 193 -1 -1 -1 -1 
213 19 198 41 187 404 258 -1 -1 -1 -1 
213 19 213 484 188 315 205 -1 -1 -1 -1 
213 19 220 408 176 193 203 -1 -1 -1 -1 
214 19 88 692 168 107 31 -1 -1 -1 -1 
214 19 171 0 184 138 195 -1 -1 -1 -1 
214 19 198 15 189 414 231 -1 -1 -1 -1 
214 19 213 573 189 226 196 -1 -1 -1 -1 
214 19 220 389 175 195 208 -1 -1 -1 -1 
215 19 88 701 168 98 30 -1 -1 -1 -1 
215 19 171 0 176 156 115 -1 -1 -1 -1 
215 19 198 0 189 415 234 -1 -1 -1 -1 
215 19 213 444 192 342 192 -1 -1 -1 -1 
215 19 220 364 175 208 192 -1 -1 -1 -1 
216 19 171 0 174 144 108 -1 -1 -1 -1 
216 19 198 2 188 357 237 -1 -1 -1 -1 
216 19 213 423 195 340 197 -1 -1 -1 -1 
216 19 220 346 179 187 203 -1 -1 -1 -1 
217 19 198 0 188 345 253 -1 -1 -1 -1 
217 19 213 404 196 341 195 -1 -1 -1 -1 
217 19 220 318 184 187 195 -1 -1 -1 -1 
218 19 88 489 176 114 31 -1 -1 -1 -1 
218 19 198 0 184 323 241 -1 -1 -1 -1 
218 19 213 383 197 342 193 -1 -1 -1 -1 
218 19 220 377 204 165 184 -1 -1 -1 -1 
219 19 88 477 176 117 32 -1 -1 -1 -1 
219 19 112 224 173 166 30 -1 -1 -1 -1 
219 19 198 0 190 311 245 -1 -1 -1 -1 
219 19 213 365 194 343 199 -1 -1 -1 -1 
219 19 220 284 190 181 172 -1 -1 -1 -1 
220 19 112 218 172 172 32 -1 -1 -1 -1 
220 19 198 0 187 301 246 -1 -1 -1 -1 
220 19 213 348 190 385 204 -1 -1 -1 -1 
220 19 220 276 189 175 202 -1 -1 -1 -1 
221 19 198 0 189 288 230 -1 -1 -1 -1 
221 19 213 324 190 339 202 -1 -1 -1 -1 
221 19 220 248 190 194 206 -1 -1 -1 -1 
221 19 232 614 183 185 204 -1 -1 -1 -1 
222 19 198 0 190 270 230 -1 -1 -1 -1 
222 19 213 304 189 328 208 -1 -1 -1 -1 
222 19 220 221 189 144 183 -1 -1 -1 -1 
222 19 232 629 185 170 191 -1 -1 -1 -1 
223 19 198 0 193 232 223 -1 -1 -1 -1 
223 19 213 286 186 347 209 -1 -1 -1 -1 
223 19 220 201 231 181 166 -1 -1 -1 -1 
223 19 232 578 181 221 194 -1 -1 -1 -1 
224 19 198 0 197 205 216 -1 -1 -1 -1 
224 19 213 264 192 337 202 -1 -1 -1 -1 
224 19 220 181 236 185 165 -1 -1 -1 -1 
224 19 232 575 178 224 205 -1 -1 -1 -1 
225 19 198 0 199 186 213 -1 -1 -1 -1 
225 19 210 0 188 231 260 -1 -1 -1 -1 
225 19 213 242 197 369 203 -1 -1 -1 -1 
225 19 220 162 192 210 174 -1 -1 -1 -1 
225 19 232 541 177 258 198 -1 -1 -1 -1 
226 19 198 0 203 160 247 -1 -1 -1 -1 
226 19 210 0 189 209 262 -1 -1 -1 -1 
226 19 213 222 201 341 205 -1 -1 -1 -1 
226 19 220 142 194 164 114 -1 -1 -1 -1 
226 19 232 530 176 269 190 -1 -1 -1 -1 
226 19 235 710 201 89 92 -1 -1 -1 -1 
226 19 236 723 143 76 40 -1 -1 -1 -1 
227 19 198 0 203 147 235 -1 -1 -1 -1 
227 19 213 202 200 339 205 -1 -1 -1 -1 
227 19 220 128 197 187 132 -1 -1 -1 -1 
227 19 232 505 177 235 190 -1 -1 -1 -1 
227 19 235 685 194 113 160 -1 -1 -1 -1 
227 19 236 742 149 57 34 -1 -1 -1 -1 
228 19 198 0 199 139 223 -1 -1 -1 -1 
228 19 213 181 197 348 204 -1 -1 -1 -1 
228 19 220 106 199 172 93 -1 -1 -1 -1 
228 19 232 493 178 301 199 -1 -1 -1 -1 
228 19 235 656 191 143 187 -1 -1 -1 -1 
228 19 236 720 152 79 36 -1 -1 -1 -1 
229 19 194 585 159 79 25 -1 -1 -1 -1 
229 19 198 0 196 124 223 -1 -1 -1 -1 
229 19 213 163 194 379 210 -1 -1 -1 -1 
229 19 220 100 207 105 86 -1 -1 -1 -1 
229 19 232 486 180 204 197 -1 -1 -1 -1 
229 19 235 626 186 173 194 -1 -1 -1 -1 
229 8 236 698 154 101 36 -1 -1 -1 -1 
230 19 88 568 157 84 31 -1 -1 -1 -1 
230 19 194 591 158 80 26 -1 -1 -1 -1 
230 19 198 0 195 111 224 -1 -1 -1 -1 
230 19 213 142 192 356 213 -1 -1 -1 -1 
230 19 220 80 209 98 78 -1 -1 -1 -1 
230 19 232 471 185 193 187 -1 -1 -1 -1 
230 19 235 599 182 200 192 -1 -1 -1 -1 
231 19 88 564 157 102 30 -1 -1 -1 -1 
231 19 112 142 173 129 25 -1 -1 -1 -1 
231 19 198 0 202 103 219 -1 -1 -1 -1 
231 19 213 122 194 356 214 -1 -1 -1 -1 
231 19 232 436 186 197 187 -1 -1 -1 -1 
231 19 235 567 191 232 189 -1 -1 -1 -1 
231 19 236 671 159 123 39 -1 -1 -1 -1 
232 19 88 551 157 70 30 -1 -1 -1 -1 
232 19 112 135 173 129 24 -1 -1 -1 -1 
232 19 198 1 201 81 222 -1 -1 -1 -1 
232 19 213 103 196 353 212 -1 -1 -1 -1 
232 19 232 380 188 224 192 -1 -1 -1 -1 
232 19 235 538 200 261 182 -1 -1 -1 -1 
233 19 88 537 157 53 30 -1 -1 -1 -1 
233 19 198 0 201 67 223 -1 -1 -1 -1 
233 19 213 83 201 352 204 -1 -1 -1 -1 
233 19 232 399 191 174 181 -1 -1 -1 -1 
233 19 235 506 204 285 180 -1 -1 -1 -1 
233 19 244 459 175 91 25 -1 -1 -1 -1 
233 19 245 548 179 187 33 -1 -1 -1 -1 
234 19 88 538 157 48 29 -1 -1 -1 -1 
234 19 213 60 202 355 204 -1 -1 -1 -1 
234 19 232 338 194 245 179 -1 -1 -1 -1 
234 19 235 601 207 180 167 -1 -1 -1 -1 
234 19 244 476 177 76 25 -1 -1 -1 -1 
234 19 245 527 178 198 36 -1 -1 -1 -1 
234 19 246 1 192 213 97 -1 -1 -1 -1 
235 19 88 517 151 73 31 -1 -1 -1 -1 
235 19 213 7 201 391 207 -1 -1 -1 -1 
235 19 232 325 195 191 181 -1 -1 -1 -1 
235 19 235 446 168 349 221 -1 -1 -1 -1 
235 19 236 423 173 66 33 -1 -1 -1 -1 
235 19 244 477 177 62 23 -1 -1 -1 -1 
235 19 246 3 195 122 99 -1 -1 -1 -1 
236 19 88 514 149 74 32 -1 -1 -1 -1 
236 19 194 458 175 67 26 -1 -1 -1 -1 
236 19 213 0 203 385 208 -1 -1 -1 -1 
236 19 232 298 196 199 183 -1 -1 -1 -1 
236 19 235 409 185 368 198 -1 -1 -1 -1 
236 19 236 408 173 70 32 -1 -1 -1 -1 
237 19 194 454 177 67 26 -1 -1 -1 -1 
237 19 213 0 205 373 201 -1 -1 -1 -1 
237 19 235 382 214 261 168 -1 -1 -1 -1 
237 19 236 391 174 59 30 -1 -1 -1 -1 
237 19 244 440 176 67 24 -1 -1 -1 -1 
237 19 245 515 181 112 40 -1 -1 -1 -1 
237 19 246 4 176 159 57 -1 -1 -1 -1 
238 19 88 482 150 72 37 -1 -1 -1 -1 
238 19 213 38 204 320 203 -1 -1 -1 -1 
238 19 232 318 192 184 177 -1 -1 -1 -1 
238 19 235 357 187 373 197 -1 -1 -1 -1 
238 19 236 379 175 56 27 -1 -1 -1 -1 
238 19 244 425 175 75 25 -1 -1 -1 -1 
238 19 245 498 182 112 40 -1 -1 -1 -1 
238 19 249 580 157 219 187 -1 -1 -1 -1 
239 19 88 472 157 73 37 -1 -1 -1 -1 
239 19 213 2 198 349 208 -1 -1 -1 -1 
239 19 232 301 193 189 177 -1 -1 -1 -1 
239 19 235 326 187 369 207 -1 -1 -1 -1 
239 19 236 356 177 53 26 -1 -1 -1 -1 
239 19 244 415 176 76 24 -1 -1 -1 -1 
240 19 88 466 157 73 37 -1 -1 -1 -1 
240 19 213 1 194 343 224 -1 -1 -1 -1 
240 19 235 301 187 333 212 -1 -1 -1 -1 
240 19 249 575 168 186 187 -1 -1 -1 -1 
241 19 213 0 195 310 221 -1 -1 -1 -1 
241 19 235 271 184 375 215 -1 -1 -1 -1 
241 19 249 563 168 187 184 -1 -1 -1 -1 
241 19 253 742 176 57 87 -1 -1 -1 -1 
242 19 213 0 191 311 222 -1 -1 -1 -1 
242 19 235 240 184 360 216 -1 -1 -1 -1 
242 19 249 547 170 190 178 -1 -1 -1 -1 
242 19 253 747 175 52 82 -1 -1 -1 -1 
243 19 112 114 187 146 27 -1 -1 -1 -1 
243 19 213 0 207 309 200 -1 -1 -1 -1 
243 19 235 206 188 389 211 -1 -1 -1 -1 
243 19 244 430 155 102 30 -1 -1 -1 -1 
243 19 249 568 169 161 182 -1 -1 -1 -1 
243 19 253 718 177 81 80 -1 -1 -1 -1 
244 19 112 84 180 131 37 -1 -1 -1 -1 
244 19 213 0 210 278 203 -1 -1 -1 -1 
244 19 232 260 178 313 120 -1 -1 -1 -1 
244 19 235 173 179 376 222 -1 -1 -1 -1 
244 19 244 427 153 105 31 -1 -1 -1 -1 
244 19 249 540 168 182 183 -1 -1 -1 -1 
244 19 253 689 176 110 81 -1 -1 -1 -1 
245 19 88 433 157 54 26 -1 -1 -1 -1 
245 19 112 80 180 128 38 -1 -1 -1 -1 
245 19 213 1 212 229 204 -1 -1 -1 -1 
245 19 232 379 179 180 107 -1 -1 -1 -1 
245 19 235 135 184 377 223 -1 -1 -1 -1 
245 19 249 493 167 219 171 -1 -1 -1 -1 
245 19 253 671 176 128 75 -1 -1 -1 -1 
246 19 88 427 157 52 25 -1 -1 -1 -1 
246 19 213 0 211 188 206 -1 -1 -1 -1 
246 19 232 364 184 180 151 -1 -1 -1 -1 
246 19 235 99 187 388 226 -1 -1 -1 -1 
246 19 249 474 165 207 175 -1 -1 -1 -1 
246 19 253 697 173 102 79 -1 -1 -1 -1 
246 19 256 698 199 101 134 -1 -1 -1 -1 
247 19 213 4 194 140 227 -1 -1 -1 -1 
247 19 232 342 187 190 183 -1 -1 -1 -1 
247 19 235 70 196 197 232 -1 -1 -1 -1 
247 19 249 455 163 196 174 -1 -1 -1 -1 
247 19 253 663 173 96 59 -1 -1 -1 -1 
247 19 256 682 194 117 163 -1 -1 -1 -1 
248 19 213 2 201 111 219 -1 -1 -1 -1 
248 19 232 332 189 184 189 -1 -1 -1 -1 
248 19 235 0 208 344 233 -1 -1 -1 -1 
248 19 249 443 161 196 171 -1 -1 -1 -1 
248 19 253 653 172 97 59 -1 -1 -1 -1 
248 19 256 658 182 141 128 -1 -1 -1 -1 
248 19 259 645 169 49 46 -1 -1 -1 -1 
249 19 88 396 158 51 23 -1 -1 -1 -1 
249 19 194 0 178 40 30 -1 -1 -1 -1 
249 19 213 0 201 85 220 -1 -1 -1 -1 
249 19 232 342 191 162 173 -1 -1 -1 -1 
249 19 235 0 209 335 239 -1 -1 -1 -1 
249 19 249 453 162 157 169 -1 -1 -1 -1 
249 19 256 678 179 121 150 -1 -1 -1 -1 
249 19 259 631 169 50 53 -1 -1 -1 -1 
250 19 88 381 159 59 22 -1 -1 -1 -1 
250 19 194 0 178 7 31 -1 -1 -1 -1 
250 19 232 330 189 161 175 -1 -1 -1 -1 
250 19 249 448 164 149 175 -1 -1 -1 -1 
250 19 256 676 173 123 140 -1 -1 -1 -1 
250 19 259 622 168 51 53 -1 -1 -1 -1 
251 19 88 382 159 50 22 -1 -1 -1 -1 
251 19 232 287 191 195 185 -1 -1 -1 -1 
251 19 249 384 167 201 173 -1 -1 -1 -1 
251 19 256 611 172 188 154 -1 -1 -1 -1 
251 19 262 559 165 52 130 -1 -1 -1 -1 
252 19 88 374 159 50 22 -1 -1 -1 -1 
252 19 232 253 189 220 180 -1 -1 -1 -1 
252 19 249 354 170 217 170 -1 -1 -1 -1 
252 19 256 615 173 184 131 -1 -1 -1 -1 
253 19 232 226 189 240 200 -1 -1 -1 -1 
253 19 235 0 193 250 255 -1 -1 -1 -1 
253 19 249 427 174 135 169 -1 -1 -1 -1 
253 19 256 580 177 202 139 -1 -1 -1 -1 
254 19 232 186 185 275 202 -1 -1 -1 -1 
254 19 235 0 204 214 240 -1 -1 -1 -1 
254 19 249 344 172 210 166 -1 -1 -1 -1 
254 19 256 571 176 228 146 -1 -1 -1 -1 
255 19 232 173 186 284 197 -1 -1 -1 -1 
255 19 235 0 204 191 239 -1 -1 -1 -1 
255 19 249 309 171 233 170 -1 -1 -1 -1 
255 19 256 542 197 163 131 -1 -1 -1 -1 
256 19 232 190 188 256 181 -1 -1 -1 -1 
256 19 235 0 210 165 237 -1 -1 -1 -1 
256 19 249 306 170 229 174 -1 -1 -1 -1 
256 19 256 539 178 257 148 -1 -1 -1 -1 
257 19 232 182 191 261 180 -1 -1 -1 -1 
257 19 235 1 223 126 220 -1 -1 -1 -1 
257 19 244 246 158 73 40 -1 -1 -1 -1 
257 19 245 430 161 115 76 -1 -1 -1 -1 
257 19 249 297 166 237 166 -1 -1 -1 -1 
257 19 256 507 179 292 154 -1 -1 -1 -1 
257 19 271 558 172 52 46 -1 -1 -1 -1 
258 19 232 172 193 233 172 -1 -1 -1 -1 
258 19 235 0 228 103 195 -1 -1 -1 -1 
258 19 244 233 158 68 40 -1 -1 -1 -1 
258 19 245 415 160 117 71 -1 -1 -1 -1 
258 19 249 236 160 273 171 -1 -1 -1 -1 
258 19 256 490 177 307 155 -1 -1 -1 -1 
258 19 271 550 170 56 49 -1 -1 -1 -1 
259 19 232 160 194 218 172 -1 -1 -1 -1 
259 19 235 0 236 63 177 -1 -1 -1 -1 
259 19 244 219 160 65 41 -1 -1 -1 -1 
259 19 245 410 158 117 73 -1 -1 -1 -1 
259 19 249 264 170 203 166 -1 -1 -1 -1 
259 19 253 421 165 94 60 -1 -1 -1 -1 
259 19 256 474 177 323 162 -1 -1 -1 -1 
260 19 232 146 195 221 184 -1 -1 -1 -1 
260 19 235 2 237 27 165 -1 -1 -1 -1 
260 19 244 201 165 62 36 -1 -1 -1 -1 
260 19 249 264 169 179 166 -1 -1 -1 -1 
260 19 253 430 174 62 90 -1 -1 -1 -1 
260 19 256 455 173 324 181 -1 -1 -1 -1 
260 19 272 1 193 165 232 -1 -1 -1 -1 
261 19 232 134 194 224 187 -1 -1 -1 -1 
261 19 235 0 241 3 158 -1 -1 -1 -1 
261 19 244 186 166 61 36 -1 -1 -1 -1 
261 19 249 254 169 170 156 -1 -1 -1 -1 
261 19 253 414 171 69 89 -1 -1 -1 -1 
261 19 256 433 172 326 174 -1 -1 -1 -1 
261 19 272 0 192 163 227 -1 -1 -1 -1 
261 19 274 520 171 55 33 -1 -1 -1 -1 
262 19 232 120 191 227 191 -1 -1 -1 -1 
262 19 249 238 170 175 171 -1 -1 -1 -1 
262 19 253 393 174 88 125 -1 -1 -1 -1 
262 19 256 421 173 318 178 -1 -1 -1 -1 
262 19 272 0 193 157 239 -1 -1 -1 -1 
262 19 274 511 173 52 30 -1 -1 -1 -1 
262 19 275 720 161 77 259 -1 -1 -1 -1 
262 19 276 737 155 62 66 -1 -1 -1 -1 
262 19 277 459 170 31 50 -1 -1 -1 -1 
263 19 88 247 156 75 26 -1 -1 -1 -1 
263 19 232 97 189 235 194 -1 -1 -1 -1 
263 19 249 217 171 188 182 -1 -1 -1 -1 
263 19 253 383 164 106 96 -1 -1 -1 -1 
263 19 256 412 178 308 180 -1 -1 -1 -1 
263 19 272 0 193 148 221 -1 -1 -1 -1 
263 19 274 503 176 85 28 -1 -1 -1 -1 
263 19 275 631 202 168 225 -1 -1 -1 -1 
263 19 276 722 156 77 65 -1 -1 -1 -1 
263 19 277 456 171 31 50 -1 -1 -1 -1 
264 19 88 236 155 77 27 -1 -1 -1 -1 
264 19 232 2 190 325 211 -1 -1 -1 -1 
264 19 249 202 174 185 179 -1 -1 -1 -1 
264 19 253 353 168 125 70 -1 -1 -1 -1 
264 19 256 372 183 336 177 -1 -1 -1 -1 
264 19 259 705 158 64 60 -1 -1 -1 -1 
264 19 272 2 193 133 212 -1 -1 -1 -1 
265 19 232 1 193 304 205 -1 -1 -1 -1 
265 19 249 179 174 200 173 -1 -1 -1 -1 
265 19 253 349 168 111 60 -1 -1 -1 -1 
265 19 256 354 189 332 181 -1 -1 -1 -1 
265 19 259 684 159 62 55 -1 -1 -1 -1 
265 19 272 0 198 133 204 -1 -1 -1 -1 
265 19 275 588 204 211 218 -1 -1 -1 -1 
266 0 112 13 174 29 37 -1 -1 -1 -1 
266 19 232 49 194 257 195 -1 -1 -1 -1 
266 19 249 167 166 287 111 -1 -1 -1 -1 
266 19 253 332 168 119 60 -1 -1 -1 -1 
266 19 256 335 186 335 186 -1 -1 -1 -1 
266 19 259 652 168 74 43 -1 -1 -1 -1 
266 19 272 4 192 82 213 -1 -1 -1 -1 
266 19 275 568 200 231 218 -1 -1 -1 -1 
267 0 112 10 174 24 36 -1 -1 -1 -1 
267 19 232 2 186 286 203 -1 -1 -1 -1 
267 19 249 93 159 350 101 -1 -1 -1 -1 
267 19 256 311 185 342 153 -1 -1 -1 -1 
267 19 259 651 169 68 43 -1 -1 -1 -1 
267 19 272 5 177 56 236 -1 -1 -1 -1 
268 19 232 11 195 262 194 -1 -1 -1 -1 
268 19 249 73 160 290 103 -1 -1 -1 -1 
268 19 256 299 183 326 176 -1 -1 -1 -1 
268 19 259 631 171 53 45 -1 -1 -1 -1 
268 19 272 1 184 46 223 -1 -1 -1 -1 
268 19 275 534 204 250 209 -1 -1 -1 -1 
269 19 232 0 196 269 208 -1 -1 -1 -1 
269 19 249 45 158 278 101 -1 -1 -1 -1 
269 19 256 276 180 333 155 -1 -1 -1 -1 
269 19 259 627 172 54 44 -1 -1 -1 -1 
270 19 232 0 197 254 211 -1 -1 -1 -1 
270 19 249 49 169 253 142 -1 -1 -1 -1 
270 19 256 257 180 340 178 -1 -1 -1 -1 
270 19 259 596 170 52 52 -1 -1 -1 -1 
270 19 275 498 206 300 174 -1 -1 -1 -1 
271 19 232 0 194 241 207 -1 -1 -1 -1 
271 19 249 20 168 274 147 -1 -1 -1 -1 
271 19 256 232 182 337 171 -1 -1 -1 -1 
271 19 259 576 164 52 59 -1 -1 -1 -1 
271 19 275 497 208 300 174 -1 -1 -1 -1 
272 19 232 0 194 230 211 -1 -1 -1 -1 
272 19 256 216 196 326 157 -1 -1 -1 -1 
272 19 259 588 166 53 57 -1 -1 -1 -1 
272 19 275 467 207 329 215 -1 -1 -1 -1 
273 19 232 0 173 359 217 -1 -1 -1 -1 
273 19 256 201 193 280 167 -1 -1 -1 -1 
273 19 259 582 166 54 58 -1 -1 -1 -1 
273 19 275 441 203 358 197 -1 -1 -1 -1 
274 19 232 0 184 260 201 -1 -1 -1 -1 
274 19 256 180 193 294 189 -1 -1 -1 -1 
274 19 275 435 202 363 237 -1 -1 -1 -1 
275 19 232 0 187 256 199 -1 -1 -1 -1 
275 19 256 159 187 345 174 -1 -1 -1 -1 
275 19 275 417 197 381 243 -1 -1 -1 -1 
276 19 232 0 194 231 192 -1 -1 -1 -1 
276 19 256 139 182 348 199 -1 -1 -1 -1 
276 19 275 401 195 398 243 -1 -1 -1 -1 
277 19 232 0 195 231 191 -1 -1 -1 -1 
277 19 249 0 198 173 161 -1 -1 -1 -1 
277 19 256 104 181 362 209 -1 -1 -1 -1 
277 19 275 569 194 228 234 -1 -1 -1 -1 
277 19 294 540 179 52 26 -1 -1 -1 -1 
278 19 232 1 196 200 192 -1 -1 -1 -1 
278 19 249 0 200 161 165 -1 -1 -1 -1 
278 19 256 95 183 364 200 -1 -1 -1 -1 
278 19 275 374 198 410 229 -1 -1 -1 -1 
278 19 294 556 180 44 21 -1 -1 -1 -1 
279 19 232 0 199 194 194 -1 -1 -1 -1 
279 19 256 72 185 360 190 -1 -1 -1 -1 
279 19 275 529 202 228 207 -1 -1 -1 -1 
279 19 300 568 177 35 26 -1 -1 -1 -1 
280 19 232 4 196 140 142 -1 -1 -1 -1 
280 19 256 46 192 370 180 -1 -1 -1 -1 
280 19 259 413 176 63 50 -1 -1 -1 -1 
280 19 275 341 206 396 228 -1 -1 -1 -1 
280 19 300 519 181 68 30 -1 -1 -1 -1 
280 19 303 633 185 166 182 -1 -1 -1 -1 
281 19 232 0 199 173 194 -1 -1 -1 -1 
281 19 256 24 193 369 182 -1 -1 -1 -1 
281 19 259 397 177 63 49 -1 -1 -1 -1 
281 19 275 324 205 409 229 -1 -1 -1 -1 
281 19 300 503 183 64 32 -1 -1 -1 -1 
281 19 303 612 183 187 181 -1 -1 -1 -1 
282 19 232 4 196 150 202 -1 -1 -1 -1 
282 19 256 0 199 376 183 -1 -1 -1 -1 
282 19 275 303 206 406 231 -1 -1 -1 -1 
282 19 300 483 183 66 36 -1 -1 -1 -1 
282 19 303 605 182 194 184 -1 -1 -1 -1 
282 19 307 721 158 73 29 -1 -1 -1 -1 
282 19 308 409 173 124 51 -1 -1 -1 -1 
283 19 232 5 191 128 181 -1 -1 -1 -1 
283 19 256 3 202 364 204 -1 -1 -1 -1 
283 19 275 288 206 409 237 -1 -1 -1 -1 
283 19 300 464 180 66 39 -1 -1 -1 -1 
283 19 303 573 178 223 183 -1 -1 -1 -1 
283 19 307 714 157 72 28 -1 -1 -1 -1 
283 19 308 357 173 113 50 -1 -1 -1 -1 
284 19 232 2 190 124 183 -1 -1 -1 -1 
284 19 253 0 191 98 44 -1 -1 -1 -1 
284 19 256 0 202 354 209 -1 -1 -1 -1 
284 19 275 272 201 405 242 -1 -1 -1 -1 
284 19 300 444 182 69 40 -1 -1 -1 -1 
284 19 303 482 174 284 188 -1 -1 -1 -1 
284 19 308 378 178 93 42 -1 -1 -1 -1 
285 19 88 324 176 56 43 -1 -1 -1 -1 
285 19 245 0 188 76 38 -1 -1 -1 -1 
285 19 253 0 193 79 42 -1 -1 -1 -1 
285 19 256 0 201 346 225 -1 -1 -1 -1 
285 19 275 253 200 410 237 -1 -1 -1 -1 
285 19 303 471 172 271 178 -1 -1 -1 -1 
285 19 308 367 180 72 40 -1 -1 -1 -1 
285 19 311 63 164 221 48 -1 -1 -1 -1 
285 19 313 710 174 89 174 -1 -1 -1 -1 
286 19 88 328 176 55 45 -1 -1 -1 -1 
286 19 245 0 190 57 35 -1 -1 -1 -1 
286 19 256 0 198 334 210 -1 -1 -1 -1 
286 19 275 239 200 411 240 -1 -1 -1 -1 
286 19 303 462 172 259 175 -1 -1 -1 -1 
286 19 308 334 174 134 47 -1 -1 -1 -1 
286 19 311 127 164 140 26 -1 -1 -1 -1 
287 19 256 0 194 325 198 -1 -1 -1 -1 
287 19 275 217 202 431 234 -1 -1 -1 -1 
287 19 303 466 176 237 176 -1 -1 -1 -1 
287 19 308 292 176 158 48 -1 -1 -1 -1 
287 19 311 123 166 122 24 -1 -1 -1 -1 
287 19 313 638 167 161 168 -1 -1 -1 -1 
288 19 256 1 193 271 177 -1 -1 -1 -1 
288 19 275 386 203 250 235 -1 -1 -1 -1 
288 19 303 501 183 185 179 -1 -1 -1 -1 
288 19 308 256 174 181 49 -1 -1 -1 -1 
288 19 311 106 166 133 24 -1 -1 -1 -1 
288 19 313 617 165 181 175 -1 -1 -1 -1 
289 19 256 1 188 256 215 -1 -1 -1 -1 
289 19 275 378 203 266 236 -1 -1 -1 -1 
289 19 303 481 184 184 178 -1 -1 -1 -1 
289 19 308 249 173 143 52 -1 -1 -1 -1 
289 19 311 96 167 135 24 -1 -1 -1 -1 
289 19 313 596 165 203 172 -1 -1 -1 -1 
290 19 88 341 178 70 43 -1 -1 -1 -1 
290 19 256 0 201 277 203 -1 -1 -1 -1 
290 19 275 168 202 450 232 -1 -1 -1 -1 
290 19 303 461 186 184 193 -1 -1 -1 -1 
290 19 308 236 172 159 54 -1 -1 -1 -1 
290 19 311 82 165 136 27 -1 -1 -1 -1 
290 19 313 632 163 167 173 -1 -1 -1 -1 
290 19 318 537 170 53 21 -1 -1 -1 -1 
291 19 88 344 179 72 43 -1 -1 -1 -1 
291 19 256 0 205 240 180 -1 -1 -1 -1 
291 19 275 148 210 434 223 -1 -1 -1 -1 
291 19 303 338 184 288 180 -1 -1 -1 -1 
291 19 308 201 173 161 53 -1 -1 -1 -1 
291 19 311 65 168 144 26 -1 -1 -1 -1 
291 19 313 593 171 206 175 -1 -1 -1 -1 
292 19 256 1 207 213 193 -1 -1 -1 -1 
292 19 275 132 208 417 231 -1 -1 -1 -1 
292 19 303 375 184 234 179 -1 -1 -1 -1 
292 19 308 180 176 171 49 -1 -1 -1 -1 
292 19 311 58 170 138 23 -1 -1 -1 -1 
292 19 313 596 174 203 176 -1 -1 -1 -1 
293 19 256 0 205 173 149 -1 -1 -1 -1 
293 19 275 118 207 415 232 -1 -1 -1 -1 
293 19 303 318 179 276 183 -1 -1 -1 -1 
293 19 308 158 176 177 49 -1 -1 -1 -1 
293 19 311 54 170 131 22 -1 -1 -1 -1 
294 19 256 26 199 115 128 -1 -1 -1 -1 
294 19 275 109 197 413 240 -1 -1 -1 -1 
294 19 303 316 179 276 184 -1 -1 -1 -1 
294 19 313 539 174 235 171 -1 -1 -1 -1 
295 19 256 1 197 129 134 -1 -1 -1 -1 
295 19 275 100 197 408 233 -1 -1 -1 -1 
295 19 300 192 178 73 34 -1 -1 -1 -1 
295 19 303 265 171 321 184 -1 -1 -1 -1 
295 19 313 519 175 238 170 -1 -1 -1 -1 
295 19 323 673 172 126 154 -1 -1 -1 -1 
296 19 256 0 191 106 108 -1 -1 -1 -1 
296 19 275 85 193 402 242 -1 -1 -1 -1 
296 19 300 172 176 82 34 -1 -1 -1 -1 
296 19 303 250 172 303 184 -1 -1 -1 -1 
296 19 313 523 178 217 173 -1 -1 -1 -1 
296 19 323 665 169 134 159 -1 -1 -1 -1 
297 19 256 0 191 83 121 -1 -1 -1 -1 
297 19 275 55 190 462 254 -1 -1 -1 -1 
297 19 300 140 177 93 38 -1 -1 -1 -1 
297 19 303 282 183 248 181 -1 -1 -1 -1 
297 19 313 477 174 247 168 -1 -1 -1 -1 
297 19 323 697 169 98 157 -1 -1 -1 -1 
298 19 256 0 194 64 176 -1 -1 -1 -1 
298 19 275 42 188 466 259 -1 -1 -1 -1 
298 19 300 125 176 95 41 -1 -1 -1 -1 
298 19 303 263 183 255 182 -1 -1 -1 -1 
298 19 313 461 175 239 170 -1 -1 -1 -1 
298 19 323 631 170 161 163 -1 -1 -1 -1 
299 19 88 496 154 67 32 -1 -1 -1 -1 
299 19 256 0 193 44 118 -1 -1 -1 -1 
299 19 259 318 151 61 46 -1 -1 -1 -1 
299 19 275 27 191 469 226 -1 -1 -1 -1 
299 19 300 103 175 100 43 -1 -1 -1 -1 
299 19 313 442 177 230 168 -1 -1 -1 -1 
299 19 323 645 173 132 155 -1 -1 -1 -1 
300 19 88 471 159 80 30 -1 -1 -1 -1 
300 19 256 0 190 30 120 -1 -1 -1 -1 
300 19 259 313 149 61 46 -1 -1 -1 -1 
300 19 275 11 205 451 241 -1 -1 -1 -1 
300 19 303 271 190 199 154 -1 -1 -1 -1 
300 19 313 441 179 210 168 -1 -1 -1 -1 
300 19 323 652 158 135 133 -1 -1 -1 -1 
301 19 88 480 158 63 29 -1 -1 -1 -1 
301 19 275 0 210 452 233 -1 -1 -1 -1 
301 19 303 142 184 316 155 -1 -1 -1 -1 
301 19 313 434 178 199 168 -1 -1 -1 -1 
301 19 323 646 157 137 129 -1 -1 -1 -1 
302 19 88 478 159 58 27 -1 -1 -1 -1 
302 19 275 1 186 440 254 -1 -1 -1 -1 
302 19 303 114 184 327 154 -1 -1 -1 -1 
302 19 313 417 178 202 168 -1 -1 -1 -1 
302 19 335 598 178 134 148 -1 -1 -1 -1 
303 19 88 487 159 56 25 -1 -1 -1 -1 
303 19 275 1 184 431 257 -1 -1 -1 -1 
303 19 313 407 175 205 173 -1 -1 -1 -1 
303 19 335 585 176 127 155 -1 -1 -1 -1 
304 19 275 0 187 408 255 -1 -1 -1 -1 
304 19 308 0 173 147 50 -1 -1 -1 -1 
304 19 313 403 174 194 174 -1 -1 -1 -1 
304 19 335 560 173 131 160 -1 -1 -1 -1 
304 19 339 677 187 122 162 -1 -1 -1 -1 
305 19 275 0 188 402 254 -1 -1 -1 -1 
305 19 308 0 172 127 50 -1 -1 -1 -1 
305 19 313 374 172 211 172 -1 -1 -1 -1 
305 19 335 543 170 140 164 -1 -1 -1 -1 
305 19 339 654 189 145 161 -1 -1 -1 -1 
306 19 275 0 169 387 271 -1 -1 -1 -1 
306 19 308 1 168 109 53 -1 -1 -1 -1 
306 19 313 354 173 199 176 -1 -1 -1 -1 
306 19 335 520 170 147 155 -1 -1 -1 -1 
306 19 339 633 190 166 155 -1 -1 -1 -1 
307 19 88 401 148 80 31 -1 -1 -1 -1 
307 19 275 0 184 376 259 -1 -1 -1 -1 
307 19 308 0 167 94 54 -1 -1 -1 -1 
307 19 313 324 175 211 174 -1 -1 -1 -1 
307 19 335 497 171 163 159 -1 -1 -1 -1 
308 19 88 388 145 76 37 -1 -1 -1 -1 
308 19 275 0 190 384 254 -1 -1 -1 -1 
308 19 308 0 175 76 49 -1 -1 -1 -1 
308 19 313 322 178 195 168 -1 -1 -1 -1 
308 19 335 449 168 204 163 -1 -1 -1 -1 
308 19 339 596 189 202 161 -1 -1 -1 -1 
309 19 88 384 144 78 37 -1 -1 -1 -1 
309 19 275 3 184 350 259 -1 -1 -1 -1 
309 19 308 0 175 61 49 -1 -1 -1 -1 
309 19 313 301 184 207 167 -1 -1 -1 -1 
309 19 335 378 146 262 190 -1 -1 -1 -1 
310 19 88 363 147 82 38 -1 -1 -1 -1 
310 19 275 0 196 344 251 -1 -1 -1 -1 
310 19 313 286 184 195 167 -1 -1 -1 -1 
310 19 335 363 152 261 168 -1 -1 -1 -1 
310 19 339 564 190 176 149 -1 -1 -1 -1 
311 19 88 356 147 86 38 -1 -1 -1 -1 
311 19 275 0 196 341 253 -1 -1 -1 -1 
311 19 300 0 186 17 35 -1 -1 -1 -1 
311 19 313 275 183 188 166 -1 -1 -1 -1 
311 19 335 359 152 256 180 -1 -1 -1 -1 
311 19 339 547 188 170 153 -1 -1 -1 -1 
312 19 275 0 211 341 234 -1 -1 -1 -1 
312 19 300 0 187 2 34 -1 -1 -1 -1 
312 19 313 201 167 241 180 -1 -1 -1 -1 
312 19 335 408 168 184 174 -1 -1 -1 -1 
312 19 339 530 183 167 160 -1 -1 -1 -1 
313 19 275 0 215 323 229 -1 -1 -1 -1 
313 19 313 205 164 215 177 -1 -1 -1 -1 
313 19 335 405 171 183 179 -1 -1 -1 -1 
313 19 339 512 175 286 179 -1 -1 -1 -1 
314 19 275 0 216 313 227 -1 -1 -1 -1 
314 19 313 180 179 220 169 -1 -1 -1 -1 
314 19 335 387 173 193 175 -1 -1 -1 -1 
314 19 339 491 173 307 180 -1 -1 -1 -1 
315 19 275 0 202 303 240 -1 -1 -1 -1 
315 19 313 157 182 242 159 -1 -1 -1 -1 
315 19 335 339 162 196 179 -1 -1 -1 -1 
315 19 339 473 173 323 183 -1 -1 -1 -1 
316 19 275 2 202 262 243 -1 -1 -1 -1 
316 19 313 222 186 148 161 -1 -1 -1 -1 
316 19 335 318 159 198 183 -1 -1 -1 -1 
316 19 339 453 174 310 187 -1 -1 -1 -1 
316 19 346 695 170 104 175 -1 -1 -1 -1 
317 19 275 1 201 239 245 -1 -1 -1 -1 
317 19 313 156 187 205 160 -1 -1 -1 -1 
317 19 335 307 158 236 173 -1 -1 -1 -1 
317 19 339 431 181 304 169 -1 -1 -1 -1 
317 19 346 676 168 123 173 -1 -1 -1 -1 
318 19 275 0 199 218 242 -1 -1 -1 -1 
318 19 313 103 184 239 174 -1 -1 -1 -1 
318 19 335 290 160 244 177 -1 -1 -1 -1 
318 19 339 408 188 315 170 -1 -1 -1 -1 
318 19 346 662 165 137 140 -1 -1 -1 -1 
319 19 275 0 199 202 242 -1 -1 -1 -1 
319 19 313 82 179 247 178 -1 -1 -1 -1 
319 19 335 275 159 243 185 -1 -1 -1 -1 
319 19 339 385 192 214 165 -1 -1 -1 -1 
319 19 346 648 166 150 165 -1 -1 -1 -1 
320 19 275 0 201 189 249 -1 -1 -1 -1 
320 19 313 57 179 260 196 -1 -1 -1 -1 
320 19 335 267 160 233 194 -1 -1 -1 -1 
320 19 339 367 189 291 169 -1 -1 -1 -1 
320 19 346 630 164 168 169 -1 -1 -1 -1 
321 19 275 0 200 186 243 -1 -1 -1 -1 
321 19 313 38 176 273 194 -1 -1 -1 -1 
321 19 318 313 150 156 34 -1 -1 -1 -1 
321 19 335 260 156 219 194 -1 -1 -1 -1 
321 19 339 346 182 292 173 -1 -1 -1 -1 
321 19 346 624 167 175 161 -1 -1 -1 -1 
322 19 275 0 202 173 248 -1 -1 -1 -1 
322 19 313 3 175 270 182 -1 -1 -1 -1 
322 19 318 248 152 197 44 -1 -1 -1 -1 
322 19 335 248 171 202 186 -1 -1 -1 -1 
322 19 339 324 180 292 178 -1 -1 -1 -1 
322 19 346 601 170 198 155 -1 -1 -1 -1 
323 19 88 230 153 202 34 -1 -1 -1 -1 
323 19 275 0 204 159 247 -1 -1 -1 -1 
323 19 313 1 178 251 197 -1 -1 -1 -1 
323 19 318 232 153 205 44 -1 -1 -1 -1 
323 19 335 226 160 205 186 -1 -1 -1 -1 
323 19 339 301 178 290 183 -1 -1 -1 -1 
324 19 88 221 154 209 33 -1 -1 -1 -1 
324 19 275 3 208 134 231 -1 -1 -1 -1 
324 19 313 0 181 222 191 -1 -1 -1 -1 
324 19 335 207 161 239 187 -1 -1 -1 -1 
324 19 339 275 177 294 182 -1 -1 -1 -1 
324 19 346 553 167 245 160 -1 -1 -1 -1 
325 19 275 1 213 113 199 -1 -1 -1 -1 
325 19 313 1 185 195 195 -1 -1 -1 -1 
325 19 335 191 161 244 189 -1 -1 -1 -1 
325 19 339 250 180 287 181 -1 -1 -1 -1 
326 19 275 0 213 98 200 -1 -1 -1 -1 
326 19 313 0 189 169 182 -1 -1 -1 -1 
326 19 335 158 164 256 178 -1 -1 -1 -1 
326 19 339 225 182 288 179 -1 -1 -1 -1 
326 19 346 510 164 289 167 -1 -1 -1 -1 
327 19 275 0 213 82 210 -1 -1 -1 -1 
327 19 313 1 189 158 184 -1 -1 -1 -1 
327 19 335 140 164 261 178 -1 -1 -1 -1 
327 19 339 201 183 290 182 -1 -1 -1 -1 
328 19 275 3 213 56 221 -1 -1 -1 -1 
328 19 313 1 190 139 244 -1 -1 -1 -1 
328 19 339 176 186 295 185 -1 -1 -1 -1 
328 19 346 471 165 295 166 -1 -1 -1 -1 
329 19 275 3 213 38 222 -1 -1 -1 -1 
329 19 313 0 193 133 188 -1 -1 -1 -1 
329 19 339 147 181 306 190 -1 -1 -1 -1 
329 19 346 451 166 297 164 -1 -1 -1 -1 
330 19 313 0 194 122 195 -1 -1 -1 -1 
330 19 335 73 188 209 206 -1 -1 -1 -1 
330 19 339 121 179 314 193 -1 -1 -1 -1 
330 19 346 428 167 294 161 -1 -1 -1 -1 
330 19 350 660 156 138 171 -1 -1 -1 -1 
331 19 313 4 197 90 204 -1 -1 -1 -1 
331 19 335 50 191 211 208 -1 -1 -1 -1 
331 19 339 94 181 329 206 -1 -1 -1 -1 
331 19 346 410 169 291 164 -1 -1 -1 -1 
331 19 350 696 148 103 178 -1 -1 -1 -1 
332 19 313 0 236 77 142 -1 -1 -1 -1 
332 19 339 66 180 345 192 -1 -1 -1 -1 
332 19 346 479 170 197 159 -1 -1 -1 -1 
332 19 350 673 154 126 186 -1 -1 -1 -1 
333 19 313 0 241 66 139 -1 -1 -1 -1 
333 19 339 40 183 352 212 -1 -1 -1 -1 
333 19 346 379 170 279 160 -1 -1 -1 -1 
333 19 350 647 162 152 179 -1 -1 -1 -1 
333 19 354 624 166 45 55 -1 -1 -1 -1 
334 19 339 13 187 348 210 -1 -1 -1 -1 
334 19 346 363 169 265 162 -1 -1 -1 -1 
334 19 350 620 175 179 159 -1 -1 -1 -1 
334 19 354 611 170 44 52 -1 -1 -1 -1 
334 19 355 333 177 123 160 -1 -1 -1 -1 
335 19 339 0 188 352 213 -1 -1 -1 -1 
335 19 346 345 168 266 163 -1 -1 -1 -1 
335 19 350 596 180 202 156 -1 -1 -1 -1 
335 19 355 332 180 125 163 -1 -1 -1 -1 
336 19 339 4 187 304 215 -1 -1 -1 -1 
336 19 346 328 165 267 166 -1 -1 -1 -1 
336 19 350 571 184 212 157 -1 -1 -1 -1 
337 19 339 0 186 293 217 -1 -1 -1 -1 
337 19 346 309 165 269 169 -1 -1 -1 -1 
337 19 350 554 182 197 160 -1 -1 -1 -1 
337 19 358 695 184 104 165 -1 -1 -1 -1 
337 19 359 1 153 182 63 -1 -1 -1 -1 
338 19 339 0 184 280 218 -1 -1 -1 -1 
338 19 346 291 165 273 166 -1 -1 -1 -1 
338 19 350 534 179 196 154 -1 -1 -1 -1 
338 19 358 650 182 149 176 -1 -1 -1 -1 
338 19 359 0 146 185 72 -1 -1 -1 -1 
338 19 360 552 157 94 43 -1 -1 -1 -1 
339 19 339 0 183 255 221 -1 -1 -1 -1 
339 19 346 273 164 278 164 -1 -1 -1 -1 
339 19 350 519 179 173 165 -1 -1 -1 -1 
339 19 355 217 173 175 179 -1 -1 -1 -1 
339 19 358 622 180 177 162 -1 -1 -1 -1 
340 19 339 0 182 247 224 -1 -1 -1 -1 
340 19 346 257 166 285 167 -1 -1 -1 -1 
340 19 350 500 180 172 151 -1 -1 -1 -1 
340 19 355 163 166 207 117 -1 -1 -1 -1 
340 19 358 594 180 205 171 -1 -1 -1 -1 
340 19 360 518 158 96 34 -1 -1 -1 -1 
341 19 339 0 183 173 224 -1 -1 -1 -1 
341 19 346 240 164 271 173 -1 -1 -1 -1 
341 19 350 483 175 177 156 -1 -1 -1 -1 
341 19 355 174 174 157 179 -1 -1 -1 -1 
341 19 358 569 181 230 170 -1 -1 -1 -1 
341 19 360 506 158 91 31 -1 -1 -1 -1 
342 19 88 548 150 175 45 -1 -1 -1 -1 
342 19 339 0 188 195 221 -1 -1 -1 -1 
342 19 346 223 165 274 167 -1 -1 -1 -1 
342 19 350 454 152 282 121 -1 -1 -1 -1 
342 19 355 153 171 161 116 -1 -1 -1 -1 
342 19 358 543 186 256 172 -1 -1 -1 -1 
343 19 88 540 153 160 48 -1 -1 -1 -1 
343 19 339 12 177 126 233 -1 -1 -1 -1 
343 19 346 202 166 283 171 -1 -1 -1 -1 
343 19 350 446 153 258 88 -1 -1 -1 -1 
343 19 355 137 169 162 111 -1 -1 -1 -1 
343 19 358 505 189 260 163 -1 -1 -1 -1 
344 19 88 559 153 152 49 -1 -1 -1 -1 
344 19 339 0 185 162 224 -1 -1 -1 -1 
344 19 346 183 167 293 172 -1 -1 -1 -1 
344 19 350 430 154 247 81 -1 -1 -1 -1 
344 19 355 71 170 206 161 -1 -1 -1 -1 
345 19 339 0 189 138 218 -1 -1 -1 -1 
345 19 346 166 168 298 175 -1 -1 -1 -1 
345 19 350 411 153 229 79 -1 -1 -1 -1 
345 19 355 50 163 233 105 -1 -1 -1 -1 
345 19 358 465 189 289 165 -1 -1 -1 -1 
346 19 339 0 187 132 228 -1 -1 -1 -1 
346 19 346 143 168 307 190 -1 -1 -1 -1 
346 19 350 391 149 141 71 -1 -1 -1 -1 
346 19 355 58 163 211 106 -1 -1 -1 -1 
346 19 358 443 190 276 168 -1 -1 -1 -1 
347 19 339 0 185 113 226 -1 -1 -1 -1 
347 19 346 122 169 308 197 -1 -1 -1 -1 
347 19 350 369 147 206 72 -1 -1 -1 -1 
347 19 355 55 167 176 112 -1 -1 -1 -1 
347 19 358 417 188 282 176 -1 -1 -1 -1 
347 8 364 719 148 80 74 -1 -1 -1 -1 
348 19 88 435 150 167 46 -1 -1 -1 -1 
348 19 339 0 181 98 173 -1 -1 -1 -1 
348 19 346 100 169 303 181 -1 -1 -1 -1 
348 19 350 356 145 200 66 -1 -1 -1 -1 
348 19 355 47 171 181 116 -1 -1 -1 -1 
348 19 358 351 153 322 205 -1 -1 -1 -1 
348 19 364 703 146 53 63 -1 -1 -1 -1 
349 19 88 419 151 167 46 -1 -1 -1 -1 
349 19 335 0 178 86 230 -1 -1 -1 -1 
349 19 339 0 180 88 169 -1 -1 -1 -1 
349 19 346 84 175 310 163 -1 -1 -1 -1 
349 19 355 25 175 165 111 -1 -1 -1 -1 
349 19 358 366 191 296 173 -1 -1 -1 -1 
349 19 364 688 139 51 60 -1 -1 -1 -1 
350 19 88 414 152 161 46 -1 -1 -1 -1 
350 19 335 0 177 75 231 -1 -1 -1 -1 
350 19 346 64 178 292 167 -1 -1 -1 -1 
350 19 355 7 175 166 175 -1 -1 -1 -1 
350 19 358 341 193 307 173 -1 -1 -1 -1 
350 19 364 663 146 67 53 -1 -1 -1 -1 
351 19 88 415 152 162 46 -1 -1 -1 -1 
351 19 346 42 179 271 188 -1 -1 -1 -1 
351 19 355 0 175 156 169 -1 -1 -1 -1 
351 19 358 380 193 261 175 -1 -1 -1 -1 
351 19 364 649 143 62 49 -1 -1 -1 -1 
352 19 346 20 175 327 194 -1 -1 -1 -1 
352 19 355 0 178 127 176 -1 -1 -1 -1 
352 19 358 247 193 368 187 -1 -1 -1 -1 
352 19 364 616 148 52 56 -1 -1 -1 -1 
352 19 371 707 159 92 158 -1 -1 -1 -1 
353 19 346 2 173 329 194 -1 -1 -1 -1 
353 19 355 0 171 112 105 -1 -1 -1 -1 
353 19 358 220 192 364 175 -1 -1 -1 -1 
353 19 364 596 146 52 54 -1 -1 -1 -1 
354 19 88 429 158 92 44 -1 -1 -1 -1 
354 19 346 0 169 315 198 -1 -1 -1 -1 
354 19 355 0 169 91 54 -1 -1 -1 -1 
354 19 358 203 194 349 188 -1 -1 -1 -1 
354 19 371 621 150 178 113 -1 -1 -1 -1 
355 19 88 431 159 85 43 -1 -1 -1 -1 
355 19 346 0 169 302 211 -1 -1 -1 -1 
355 19 355 0 172 68 36 -1 -1 -1 -1 
355 19 358 182 195 338 185 -1 -1 -1 -1 
355 19 371 610 146 188 157 -1 -1 -1 -1 
356 19 88 292 157 189 49 -1 -1 -1 -1 
356 19 346 0 170 289 214 -1 -1 -1 -1 
356 19 355 0 173 47 25 -1 -1 -1 -1 
356 19 358 160 194 338 186 -1 -1 -1 -1 
356 19 371 596 142 201 166 -1 -1 -1 -1 
357 19 88 282 156 146 51 -1 -1 -1 -1 
357 19 346 0 170 266 200 -1 -1 -1 -1 
357 19 358 139 190 334 193 -1 -1 -1 -1 
357 19 371 578 135 220 180 -1 -1 -1 -1 
357 19 377 512 160 175 154 -1 -1 -1 -1 
358 19 88 231 157 199 50 -1 -1 -1 -1 
358 19 346 3 175 180 201 -1 -1 -1 -1 
358 19 358 112 197 352 186 -1 -1 -1 -1 
358 19 371 559 132 193 180 -1 -1 -1 -1 
358 19 377 495 153 172 164 -1 -1 -1 -1 
358 19 379 715 161 84 132 -1 -1 -1 -1 
359 19 88 229 157 168 48 -1 -1 -1 -1 
359 19 346 2 179 129 205 -1 -1 -1 -1 
359 19 358 76 194 373 196 -1 -1 -1 -1 
359 19 371 543 131 224 187 -1 -1 -1 -1 
359 19 377 467 150 182 170 -1 -1 -1 -1 
359 19 379 707 167 92 143 -1 -1 -1 -1 
360 19 88 153 157 221 49 -1 -1 -1 -1 
360 19 346 0 186 91 205 -1 -1 -1 -1 
360 19 358 40 197 398 206 -1 -1 -1 -1 
360 19 371 525 136 252 192 -1 -1 -1 -1 
360 19 377 452 148 176 176 -1 -1 -1 -1 
360 19 379 698 164 101 162 -1 -1 -1 -1 
361 19 88 121 158 238 48 -1 -1 -1 -1 
361 19 346 0 187 60 194 -1 -1 -1 -1 
361 19 358 3 196 386 226 -1 -1 -1 -1 
361 19 371 508 140 204 172 -1 -1 -1 -1 
361 19 377 431 143 150 156 -1 -1 -1 -1 
361 19 379 669 172 130 150 -1 -1 -1 -1 
361 19 383 233 158 217 179 -1 -1 -1 -1 
362 19 346 0 188 29 195 -1 -1 -1 -1 
362 19 358 0 199 363 225 -1 -1 -1 -1 
362 19 371 491 143 210 178 -1 -1 -1 -1 
362 19 377 411 144 114 166 -1 -1 -1 -1 
362 19 379 655 174 143 159 -1 -1 -1 -1 
363 19 88 173 169 153 40 -1 -1 -1 -1 
363 19 358 0 201 341 210 -1 -1 -1 -1 
363 19 371 471 144 218 180 -1 -1 -1 -1 
363 19 377 385 144 142 168 -1 -1 -1 -1 
363 19 379 641 174 158 165 -1 -1 -1 -1 
363 19 383 75 143 357 184 -1 -1 -1 -1 
364 19 88 158 168 110 39 -1 -1 -1 -1 
364 19 358 0 198 326 220 -1 -1 -1 -1 
364 19 371 455 145 220 179 -1 -1 -1 -1 
364 19 377 360 148 161 169 -1 -1 -1 -1 
364 19 379 632 176 129 164 -1 -1 -1 -1 
365 19 88 139 169 113 38 -1 -1 -1 -1 
365 19 358 0 200 305 221 -1 -1 -1 -1 
365 19 371 438 145 218 180 -1 -1 -1 -1 
365 19 377 335 157 177 165 -1 -1 -1 -1 
365 19 379 611 170 188 166 -1 -1 -1 -1 
365 19 383 109 165 230 194 -1 -1 -1 -1 
365 19 389 314 200 79 118 -1 -1 -1 -1 
366 19 358 0 195 277 227 -1 -1 -1 -1 
366 19 371 420 144 225 181 -1 -1 -1 -1 
366 19 377 305 160 193 168 -1 -1 -1 -1 
366 19 379 597 167 200 169 -1 -1 -1 -1 
366 19 383 109 169 224 187 -1 -1 -1 -1 
366 19 389 301 220 68 100 -1 -1 -1 -1 
367 19 358 0 202 238 231 -1 -1 -1 -1 
367 19 371 402 147 211 189 -1 -1 -1 -1 
367 19 377 286 168 187 167 -1 -1 -1 -1 
367 19 379 585 166 213 174 -1 -1 -1 -1 
367 19 383 97 173 220 204 -1 -1 -1 -1 
368 19 358 0 201 194 236 -1 -1 -1 -1 
368 19 371 382 150 230 187 -1 -1 -1 -1 
368 19 377 265 168 180 170 -1 -1 -1 -1 
368 19 379 575 166 199 179 -1 -1 -1 -1 
368 19 383 8 167 305 201 -1 -1 -1 -1 
369 19 358 0 203 160 238 -1 -1 -1 -1 
369 19 371 363 152 230 185 -1 -1 -1 -1 
369 19 377 245 163 187 180 -1 -1 -1 -1 
369 19 379 559 168 240 172 -1 -1 -1 -1 
369 19 383 0 166 280 189 -1 -1 -1 -1 
370 19 358 0 204 130 242 -1 -1 -1 -1 
370 19 371 347 152 232 185 -1 -1 -1 -1 
370 19 377 225 161 196 180 -1 -1 -1 -1 
370 19 379 543 156 251 188 -1 -1 -1 -1 
371 19 358 1 210 78 233 -1 -1 -1 -1 
371 19 371 330 151 266 183 -1 -1 -1 -1 
371 19 377 209 156 207 165 -1 -1 -1 -1 
371 19 379 555 167 235 175 -1 -1 -1 -1 
371 19 383 0 159 236 194 -1 -1 -1 -1 
372 19 358 0 215 59 227 -1 -1 -1 -1 
372 19 371 314 148 234 190 -1 -1 -1 -1 
372 19 377 193 154 188 190 -1 -1 -1 -1 
372 19 379 506 167 255 177 -1 -1 -1 -1 
372 19 383 0 158 203 221 -1 -1 -1 -1 
373 19 358 0 217 31 228 -1 -1 -1 -1 
373 19 371 297 141 247 191 -1 -1 -1 -1 
373 19 377 167 147 213 197 -1 -1 -1 -1 
373 19 379 494 168 255 182 -1 -1 -1 -1 
374 19 371 279 139 253 190 -1 -1 -1 -1 
374 19 377 138 141 229 203 -1 -1 -1 -1 
374 19 379 475 162 261 188 -1 -1 -1 -1 
374 19 383 0 167 196 236 -1 -1 -1 -1 
375 19 371 263 138 249 197 -1 -1 -1 -1 
375 19 377 100 132 227 209 -1 -1 -1 -1 
375 19 379 463 162 261 190 -1 -1 -1 -1 
375 19 383 0 172 189 227 -1 -1 -1 -1 
376 19 371 244 139 266 196 -1 -1 -1 -1 
376 19 377 70 129 246 215 -1 -1 -1 -1 
376 19 379 445 160 268 206 -1 -1 -1 -1 
376 19 383 1 178 156 223 -1 -1 -1 -1 
377 19 371 228 142 259 203 -1 -1 -1 -1 
377 19 377 66 128 228 213 -1 -1 -1 -1 
377 19 379 428 158 269 206 -1 -1 -1 -1 
377 19 383 0 180 143 220 -1 -1 -1 -1 
378 19 371 209 143 244 190 -1 -1 -1 -1 
378 19 377 48 130 252 206 -1 -1 -1 -1 
378 19 379 415 159 266 198 -1 -1 -1 -1 
378 19 383 1 181 116 224 -1 -1 -1 -1 
379 19 371 188 144 283 194 -1 -1 -1 -1 
379 19 377 30 135 233 181 -1 -1 -1 -1 
379 19 379 409 169 253 185 -1 -1 -1 -1 
379 19 383 0 185 101 216 -1 -1 -1 -1 
380 19 371 171 148 296 202 -1 -1 -1 -1 
380 19 377 2 143 247 250 -1 -1 -1 -1 
380 19 379 377 164 272 196 -1 -1 -1 -1 
380 19 383 0 192 78 205 -1 -1 -1 -1 
380 19 393 758 159 41 54 -1 -1 -1 -1 
381 19 371 149 146 264 206 -1 -1 -1 -1 
381 19 377 0 165 221 245 -1 -1 -1 -1 
381 19 379 360 173 272 190 -1 -1 -1 -1 
381 19 383 0 195 62 206 -1 -1 -1 -1 
381 19 393 755 156 42 55 -1 -1 -1 -1 
382 19 371 129 143 275 220 -1 -1 -1 -1 
382 19 377 0 170 206 226 -1 -1 -1 -1 
382 19 379 345 159 278 205 -1 -1 -1 -1 
382 19 396 736 158 63 55 -1 -1 -1 -1 
383 19 371 106 139 293 219 -1 -1 -1 -1 
383 19 377 0 171 188 224 -1 -1 -1 -1 
383 19 379 326 157 287 208 -1 -1 -1 -1 
383 19 396 720 160 56 58 -1 -1 -1 -1 
384 19 371 87 137 285 229 -1 -1 -1 -1 
384 19 377 0 170 181 222 -1 -1 -1 -1 
384 19 379 307 156 292 206 -1 -1 -1 -1 
384 19 396 708 160 59 60 -1 -1 -1 -1 
385 19 371 56 114 313 250 -1 -1 -1 -1 
385 19 377 0 164 172 147 -1 -1 -1 -1 
385 19 379 292 156 296 207 -1 -1 -1 -1 
386 19 371 45 135 314 230 -1 -1 -1 -1 
386 19 377 0 162 124 210 -1 -1 -1 -1 
386 19 379 272 159 305 203 -1 -1 -1 -1 
386 19 401 688 170 111 160 -1 -1 -1 -1 
387 19 371 14 138 325 228 -1 -1 -1 -1 
387 19 377 0 166 101 208 -1 -1 -1 -1 
387 19 379 254 164 304 197 -1 -1 -1 -1 
387 19 401 669 165 130 167 -1 -1 -1 -1 
388 19 371 69 151 240 216 -1 -1 -1 -1 
388 19 377 0 169 83 212 -1 -1 -1 -1 
388 19 379 239 166 306 198 -1 -1 -1 -1 
388 19 401 642 165 157 169 -1 -1 -1 -1 
389 19 371 1 138 296 241 -1 -1 -1 -1 
389 19 377 0 174 75 208 -1 -1 -1 -1 
389 19 379 223 167 312 199 -1 -1 -1 -1 
389 19 401 626 162 173 174 -1 -1 -1 -1 
390 19 371 4 142 284 237 -1 -1 -1 -1 
390 19 377 0 174 62 213 -1 -1 -1 -1 
390 19 379 197 173 310 193 -1 -1 -1 -1 
390 19 401 652 164 147 169 -1 -1 -1 -1 
391 19 371 0 129 260 251 -1 -1 -1 -1 
391 19 379 180 162 327 209 -1 -1 -1 -1 
391 19 401 617 162 182 166 -1 -1 -1 -1 
392 19 371 0 125 244 256 -1 -1 -1 -1 
392 19 379 165 161 332 218 -1 -1 -1 -1 
392 19 401 569 167 230 171 -1 -1 -1 -1 
393 19 371 1 137 197 241 -1 -1 -1 -1 
393 19 379 148 159 332 221 -1 -1 -1 -1 
393 19 401 612 168 187 169 -1 -1 -1 -1 
394 19 371 0 149 204 153 -1 -1 -1 -1 
394 19 379 115 160 351 221 -1 -1 -1 -1 
394 19 401 530 159 269 173 -1 -1 -1 -1 
395 19 371 0 165 216 214 -1 -1 -1 -1 
395 19 379 113 158 341 211 -1 -1 -1 -1 
395 19 401 516 161 142 172 -1 -1 -1 -1 
396 19 371 0 168 209 202 -1 -1 -1 -1 
396 19 379 97 160 337 212 -1 -1 -1 -1 
396 19 401 494 155 286 183 -1 -1 -1 -1 
397 19 371 0 170 210 204 -1 -1 -1 -1 
397 19 379 79 163 341 216 -1 -1 -1 -1 
397 19 401 557 160 140 175 -1 -1 -1 -1 
398 19 379 61 166 342 216 -1 -1 -1 -1 
398 19 401 455 146 248 178 -1 -1 -1 -1 
398 19 409 0 175 111 120 -1 -1 -1 -1 
399 19 379 43 167 346 218 -1 -1 -1 -1 
399 19 401 439 159 272 171 -1 -1 -1 -1 
399 19 409 0 176 117 126 -1 -1 -1 -1 
399 19 411 682 164 117 157 -1 -1 -1 -1 
400 19 371 0 170 115 190 -1 -1 -1 -1 
400 19 379 25 167 355 217 -1 -1 -1 -1 
400 19 401 422 151 267 182 -1 -1 -1 -1 
400 19 409 0 177 118 130 -1 -1 -1 -1 
401 19 371 0 170 118 198 -1 -1 -1 -1 
401 19 379 7 167 359 218 -1 -1 -1 -1 
401 19 401 401 157 274 178 -1 -1 -1 -1 
401 19 411 652 165 147 158 -1 -1 -1 -1 
402 19 371 0 167 112 202 -1 -1 -1 -1 
402 19 379 0 166 352 220 -1 -1 -1 -1 
402 19 401 393 160 259 177 -1 -1 -1 -1 
402 19 411 638 165 161 157 -1 -1 -1 -1 
403 19 371 0 168 105 203 -1 -1 -1 -1 
403 19 379 0 163 345 229 -1 -1 -1 -1 
403 19 401 362 166 278 166 -1 -1 -1 -1 
404 19 379 0 167 336 234 -1 -1 -1 -1 
404 19 401 341 161 276 163 -1 -1 -1 -1 
404 19 411 601 160 197 165 -1 -1 -1 -1 
405 19 379 0 166 322 227 -1 -1 -1 -1 
405 19 401 330 163 279 167 -1 -1 -1 -1 
405 19 411 578 159 211 166 -1 -1 -1 -1 
406 19 379 0 171 306 225 -1 -1 -1 -1 
406 19 401 314 161 268 171 -1 -1 -1 -1 
406 19 411 559 157 222 166 -1 -1 -1 -1 
407 19 379 0 171 302 217 -1 -1 -1 -1 
407 19 401 301 159 271 186 -1 -1 -1 -1 
407 19 411 552 158 219 165 -1 -1 -1 -1 
408 19 379 0 173 290 218 -1 -1 -1 -1 
408 19 401 277 158 273 173 -1 -1 -1 -1 
408 19 411 535 164 229 158 -1 -1 -1 -1 
409 19 379 0 173 282 224 -1 -1 -1 -1 
409 19 401 264 162 264 178 -1 -1 -1 -1 
409 19 411 539 165 215 157 -1 -1 -1 -1 
410 19 379 0 178 248 224 -1 -1 -1 -1 
410 19 401 232 163 311 172 -1 -1 -1 -1 
410 19 411 498 162 242 159 -1 -1 -1 -1 
411 19 379 0 176 238 227 -1 -1 -1 -1 
411 19 401 238 162 252 170 -1 -1 -1 -1 
411 19 411 481 162 245 161 -1 -1 -1 -1 
412 19 379 0 167 229 228 -1 -1 -1 -1 
412 19 401 219 159 253 178 -1 -1 -1 -1 
412 19 411 503 165 212 158 -1 -1 -1 -1 
413 19 379 0 168 231 233 -1 -1 -1 -1 
413 19 401 207 158 248 184 -1 -1 -1 -1 
413 19 411 453 159 249 164 -1 -1 -1 -1 
414 19 379 0 168 217 238 -1 -1 -1 -1 
414 19 401 166 156 288 188 -1 -1 -1 -1 
414 19 411 438 157 253 170 -1 -1 -1 -1 
415 19 379 0 166 220 232 -1 -1 -1 -1 
415 19 401 154 149 283 197 -1 -1 -1 -1 
415 19 411 428 157 259 169 -1 -1 -1 -1 
416 19 379 1 171 185 224 -1 -1 -1 -1 
416 19 401 133 147 290 197 -1 -1 -1 -1 
416 19 411 417 155 266 181 -1 -1 -1 -1 
417 19 379 0 179 165 216 -1 -1 -1 -1 
417 19 401 129 149 266 193 -1 -1 -1 -1 
417 19 411 405 157 273 174 -1 -1 -1 -1 
417 19 417 374 166 115 125 -1 -1 -1 -1 
417 19 418 745 158 54 58 -1 -1 -1 -1 
418 19 379 0 183 149 214 -1 -1 -1 -1 
418 19 401 97 155 273 193 -1 -1 -1 -1 
418 19 411 393 160 272 175 -1 -1 -1 -1 
418 19 417 381 164 101 128 -1 -1 -1 -1 
418 19 418 730 159 69 60 -1 -1 -1 -1 
419 19 379 1 184 122 213 -1 -1 -1 -1 
419 19 401 91 160 263 184 -1 -1 -1 -1 
419 19 411 379 162 269 174 -1 -1 -1 -1 
419 19 417 376 205 107 81 -1 -1 -1 -1 
419 19 418 723 158 73 62 -1 -1 -1 -1 
420 19 379 0 184 114 216 -1 -1 -1 -1 
420 19 401 80 163 258 189 -1 -1 -1 -1 
420 19 411 369 163 260 174 -1 -1 -1 -1 
420 19 417 384 216 82 61 -1 -1 -1 -1 
420 19 420 334 158 57 65 -1 -1 -1 -1 
421 19 379 0 172 111 230 -1 -1 -1 -1 
421 19 401 85 164 239 191 -1 -1 -1 -1 
421 19 411 355 164 266 174 -1 -1 -1 -1 
421 19 420 320 159 67 63 -1 -1 -1 -1 
421 19 421 690 150 109 132 -1 -1 -1 -1 
422 19 379 0 172 103 232 -1 -1 -1 -1 
422 19 401 61 161 251 185 -1 -1 -1 -1 
422 19 411 344 166 265 173 -1 -1 -1 -1 
422 19 420 308 160 76 66 -1 -1 -1 -1 
422 19 421 680 149 119 153 -1 -1 -1 -1 
423 19 379 0 169 87 233 -1 -1 -1 -1 
423 19 401 54 159 251 191 -1 -1 -1 -1 
423 19 411 302 162 302 176 -1 -1 -1 -1 
423 19 420 299 160 78 66 -1 -1 -1 -1 
424 19 379 0 167 76 232 -1 -1 -1 -1 
424 19 401 45 158 254 190 -1 -1 -1 -1 
424 19 411 321 162 270 177 -1 -1 -1 -1 
424 19 420 290 168 57 69 -1 -1 -1 -1 
424 19 421 652 150 147 152 -1 -1 -1 -1 
425 19 379 0 172 78 217 -1 -1 -1 -1 
425 19 401 73 159 213 193 -1 -1 -1 -1 
425 19 411 302 166 275 178 -1 -1 -1 -1 
425 19 420 279 169 58 71 -1 -1 -1 -1 
426 19 379 0 172 70 216 -1 -1 -1 -1 
426 19 401 4 159 275 226 -1 -1 -1 -1 
426 19 411 289 163 278 183 -1 -1 -1 -1 
426 19 421 624 155 174 147 -1 -1 -1 -1 
427 19 401 0 161 266 203 -1 -1 -1 -1 
427 19 411 268 165 302 181 -1 -1 -1 -1 
427 19 421 611 155 188 148 -1 -1 -1 -1 
428 19 379 0 215 74 156 -1 -1 -1 -1 
428 19 401 0 167 236 182 -1 -1 -1 -1 
428 19 411 268 168 293 180 -1 -1 -1 -1 
428 19 421 600 154 199 148 -1 -1 -1 -1 
429 19 379 0 220 69 149 -1 -1 -1 -1 
429 19 401 0 169 243 199 -1 -1 -1 -1 
429 19 411 251 168 301 177 -1 -1 -1 -1 
430 19 401 0 169 222 201 -1 -1 -1 -1 
430 19 411 240 168 301 173 -1 -1 -1 -1 
430 19 421 578 148 220 155 -1 -1 -1 -1 
431 19 401 0 171 200 200 -1 -1 -1 -1 
431 19 411 228 170 298 174 -1 -1 -1 -1 
431 19 421 565 147 233 157 -1 -1 -1 -1 
432 19 401 0 169 169 192 -1 -1 -1 -1 
432 19 411 219 164 291 184 -1 -1 -1 -1 
432 19 421 553 147 246 164 -1 -1 -1 -1 
433 19 401 0 164 150 195 -1 -1 -1 -1 
433 19 411 206 162 287 191 -1 -1 -1 -1 
433 19 421 540 147 259 165 -1 -1 -1 -1 
434 19 401 0 163 141 204 -1 -1 -1 -1 
434 19 411 193 163 288 198 -1 -1 -1 -1 
434 19 421 525 151 260 161 -1 -1 -1 -1 
435 19 401 0 163 131 196 -1 -1 -1 -1 
435 19 411 180 164 300 207 -1 -1 -1 -1 
435 19 421 514 151 258 161 -1 -1 -1 -1 
436 19 401 0 164 118 201 -1 -1 -1 -1 
436 19 411 167 164 306 215 -1 -1 -1 -1 
436 19 421 500 150 261 162 -1 -1 -1 -1 
437 19 401 2 172 65 192 -1 -1 -1 -1 
437 19 411 150 165 320 215 -1 -1 -1 -1 
437 19 421 492 149 254 163 -1 -1 -1 -1 
438 19 401 0 174 55 189 -1 -1 -1 -1 
438 19 411 134 167 330 215 -1 -1 -1 -1 
438 19 421 478 145 258 163 -1 -1 -1 -1 
439 19 401 1 185 27 177 -1 -1 -1 -1 
439 19 411 118 167 343 216 -1 -1 -1 -1 
439 19 421 467 143 255 164 -1 -1 -1 -1 
440 19 401 0 196 13 166 -1 -1 -1 -1 
440 19 411 103 167 345 216 -1 -1 -1 -1 
440 19 421 453 142 257 164 -1 -1 -1 -1 
441 19 401 0 199 -3 164 -1 -1 -1 -1 
441 19 411 89 174 334 208 -1 -1 -1 -1 
441 19 421 441 142 257 153 -1 -1 -1 -1 
442 19 411 77 177 325 206 -1 -1 -1 -1 
442 19 421 430 145 254 157 -1 -1 -1 -1 
443 19 411 62 178 323 206 -1 -1 -1 -1 
443 19 421 421 145 248 161 -1 -1 -1 -1 
444 19 411 52 173 323 212 -1 -1 -1 -1 
444 19 421 404 150 261 159 -1 -1 -1 -1 
444 19 429 220 158 182 165 -1 -1 -1 -1 
445 19 411 29 108 337 278 -1 -1 -1 -1 
445 19 421 394 153 251 153 -1 -1 -1 -1 
445 19 429 217 156 181 165 -1 -1 -1 -1 
446 19 411 13 172 342 221 -1 -1 -1 -1 
446 19 418 766 158 33 53 -1 -1 -1 -1 
446 19 421 384 154 249 151 -1 -1 -1 -1 
446 19 429 294 159 92 162 -1 -1 -1 -1 
447 19 411 0 166 355 235 -1 -1 -1 -1 
447 19 418 754 156 45 52 -1 -1 -1 -1 
447 19 421 375 154 249 149 -1 -1 -1 -1 
447 19 429 323 160 62 162 -1 -1 -1 -1 
448 19 411 1 168 348 236 -1 -1 -1 -1 
448 19 418 752 155 47 53 -1 -1 -1 -1 
448 19 421 367 153 248 150 -1 -1 -1 -1 
448 19 429 354 155 34 179 -1 -1 -1 -1 
449 19 411 0 169 369 235 -1 -1 -1 -1 
449 19 421 359 150 245 153 -1 -1 -1 -1 
449 19 431 728 157 71 114 -1 -1 -1 -1 
450 19 411 0 175 326 228 -1 -1 -1 -1 
450 19 421 349 149 244 155 -1 -1 -1 -1 
450 19 431 718 157 81 126 -1 -1 -1 -1 
451 19 411 0 178 309 241 -1 -1 -1 -1 
451 19 421 339 151 244 156 -1 -1 -1 -1 
451 19 431 741 162 58 120 -1 -1 -1 -1 
452 19 411 0 178 304 222 -1 -1 -1 -1 
452 19 421 333 156 229 153 -1 -1 -1 -1 
452 19 431 690 159 109 124 -1 -1 -1 -1 
453 19 411 0 181 306 222 -1 -1 -1 -1 
453 19 421 320 157 225 152 -1 -1 -1 -1 
453 19 431 715 162 84 130 -1 -1 -1 -1 
453 19 434 201 173 146 121 -1 -1 -1 -1 
454 19 411 0 183 283 228 -1 -1 -1 -1 
454 19 421 318 158 214 151 -1 -1 -1 -1 
454 19 431 664 158 135 133 -1 -1 -1 -1 
454 19 434 115 169 216 121 -1 -1 -1 -1 
455 19 411 1 180 258 228 -1 -1 -1 -1 
455 19 421 305 159 224 150 -1 -1 -1 -1 
455 19 431 655 155 144 136 -1 -1 -1 -1 
455 19 434 109 170 213 167 -1 -1 -1 -1 
456 19 411 0 180 255 228 -1 -1 -1 -1 
456 19 421 310 159 201 148 -1 -1 -1 -1 
456 19 431 641 153 158 138 -1 -1 -1 -1 
456 19 434 154 164 169 171 -1 -1 -1 -1 
457 19 411 0 179 241 219 -1 -1 -1 -1 
457 19 421 304 159 199 149 -1 -1 -1 -1 
457 19 431 629 151 170 139 -1 -1 -1 -1 
457 19 434 203 165 112 173 -1 -1 -1 -1 
458 19 411 0 181 234 220 -1 -1 -1 -1 
458 19 421 293 158 205 148 -1 -1 -1 -1 
458 19 431 617 152 182 135 -1 -1 -1 -1 
458 19 434 201 161 109 180 -1 -1 -1 -1 
459 19 411 0 182 231 221 -1 -1 -1 -1 
459 19 421 286 158 205 144 -1 -1 -1 -1 
459 19 431 602 155 197 125 -1 -1 -1 -1 
459 19 434 133 167 166 171 -1 -1 -1 -1 
460 19 411 0 188 228 218 -1 -1 -1 -1 
460 19 421 284 159 188 140 -1 -1 -1 -1 
460 19 431 590 158 209 140 -1 -1 -1 -1 
460 19 434 93 170 199 171 -1 -1 -1 -1 
461 19 411 0 191 225 220 -1 -1 -1 -1 
461 19 421 274 161 182 132 -1 -1 -1 -1 
461 19 431 578 155 221 136 -1 -1 -1 -1 
461 19 434 93 173 197 167 -1 -1 -1 -1 
462 19 411 0 195 216 216 -1 -1 -1 -1 
462 19 421 262 164 178 137 -1 -1 -1 -1 
462 19 431 565 158 220 140 -1 -1 -1 -1 
462 19 434 60 174 230 166 -1 -1 -1 -1 
463 19 411 0 196 203 215 -1 -1 -1 -1 
463 19 421 256 168 172 140 -1 -1 -1 -1 
463 19 431 552 157 224 135 -1 -1 -1 -1 
463 19 434 55 175 233 166 -1 -1 -1 -1 
464 19 411 1 196 175 215 -1 -1 -1 -1 
464 19 421 241 168 170 144 -1 -1 -1 -1 
464 19 431 541 159 226 138 -1 -1 -1 -1 
464 19 434 57 177 232 163 -1 -1 -1 -1 
465 19 411 0 194 161 217 -1 -1 -1 -1 
465 19 421 237 168 165 145 -1 -1 -1 -1 
465 19 431 528 158 229 144 -1 -1 -1 -1 
465 19 434 47 178 238 165 -1 -1 -1 -1 
466 19 411 0 194 145 215 -1 -1 -1 -1 
466 19 421 230 165 164 135 -1 -1 -1 -1 
466 19 431 517 157 225 140 -1 -1 -1 -1 
466 19 434 41 178 245 163 -1 -1 -1 -1 
467 19 411 0 192 132 221 -1 -1 -1 -1 
467 19 421 223 163 162 134 -1 -1 -1 -1 
467 19 431 503 158 221 127 -1 -1 -1 -1 
467 19 434 35 177 230 132 -1 -1 -1 -1 
468 19 411 0 191 123 225 -1 -1 -1 -1 
468 19 421 134 161 246 151 -1 -1 -1 -1 
468 19 431 493 162 214 128 -1 -1 -1 -1 
468 19 434 11 180 262 161 -1 -1 -1 -1 
469 19 411 0 191 112 226 -1 -1 -1 -1 
469 19 421 46 160 324 177 -1 -1 -1 -1 
469 19 431 481 166 216 134 -1 -1 -1 -1 
470 19 411 0 192 98 221 -1 -1 -1 -1 
470 19 421 133 158 220 142 -1 -1 -1 -1 
470 19 431 464 166 220 136 -1 -1 -1 -1 
470 19 434 9 177 246 166 -1 -1 -1 -1 
471 19 411 0 195 87 217 -1 -1 -1 -1 
471 19 421 123 165 220 167 -1 -1 -1 -1 
471 19 431 485 166 192 135 -1 -1 -1 -1 
471 19 434 15 174 216 167 -1 -1 -1 -1 
472 19 411 0 200 80 210 -1 -1 -1 -1 
472 19 418 434 169 55 58 -1 -1 -1 -1 
472 19 421 182 164 143 152 -1 -1 -1 -1 
472 19 431 442 166 227 135 -1 -1 -1 -1 
472 19 434 0 166 315 184 -1 -1 -1 -1 
473 19 411 0 207 77 203 -1 -1 -1 -1 
473 19 418 420 169 56 59 -1 -1 -1 -1 
473 19 421 180 164 139 154 -1 -1 -1 -1 
473 19 431 426 163 234 139 -1 -1 -1 -1 
474 19 411 0 220 76 192 -1 -1 -1 -1 
474 19 421 172 168 127 143 -1 -1 -1 -1 
474 19 431 415 161 238 144 -1 -1 -1 -1 
474 19 434 1 169 298 180 -1 -1 -1 -1 
474 19 437 730 164 67 89 -1 -1 -1 -1 
475 19 411 0 229 72 183 -1 -1 -1 -1 
475 19 421 168 168 123 139 -1 -1 -1 -1 
475 19 431 400 161 250 143 -1 -1 -1 -1 
475 19 434 11 173 188 174 -1 -1 -1 -1 
475 19 437 716 161 83 100 -1 -1 -1 -1 
476 19 411 0 266 65 153 -1 -1 -1 -1 
476 19 421 163 166 114 133 -1 -1 -1 -1 
476 19 431 388 159 246 138 -1 -1 -1 -1 
476 19 434 0 176 182 232 -1 -1 -1 -1 
476 19 437 705 160 93 111 -1 -1 -1 -1 
477 0 411 0 298 54 115 -1 -1 -1 -1 
477 19 421 125 165 143 135 -1 -1 -1 -1 
477 19 431 378 160 232 138 -1 -1 -1 -1 
477 19 434 0 174 180 220 -1 -1 -1 -1 
477 19 439 694 165 105 123 -1 -1 -1 -1 
478 0 411 0 309 46 103 -1 -1 -1 -1 
478 19 421 112 166 146 136 -1 -1 -1 -1 
478 19 431 359 161 236 140 -1 -1 -1 -1 
478 19 434 0 175 180 227 -1 -1 -1 -1 
479 19 421 108 165 132 125 -1 -1 -1 -1 
479 19 431 351 166 224 141 -1 -1 -1 -1 
479 19 434 0 177 179 180 -1 -1 -1 -1 
479 19 439 670 160 129 142 -1 -1 -1 -1 
480 19 421 123 168 101 121 -1 -1 -1 -1 
480 19 431 366 166 194 146 -1 -1 -1 -1 
480 19 434 0 180 173 167 -1 -1 -1 -1 
480 19 439 660 155 139 146 -1 -1 -1 -1 
481 19 421 119 171 97 127 -1 -1 -1 -1 
481 19 431 321 165 231 148 -1 -1 -1 -1 
481 19 434 0 184 172 166 -1 -1 -1 -1 
481 19 439 657 157 142 146 -1 -1 -1 -1 
482 19 421 123 173 70 115 -1 -1 -1 -1 
482 19 431 346 162 195 148 -1 -1 -1 -1 
482 19 434 0 183 166 154 -1 -1 -1 -1 
482 19 439 641 154 158 143 -1 -1 -1 -1 
483 19 421 118 174 64 113 -1 -1 -1 -1 
483 19 431 296 161 235 153 -1 -1 -1 -1 
483 19 434 0 174 175 129 -1 -1 -1 -1 
484 19 431 284 160 240 157 -1 -1 -1 -1 
484 19 434 1 179 162 192 -1 -1 -1 -1 
484 19 439 619 152 180 149 -1 -1 -1 -1 
485 19 431 271 161 244 143 -1 -1 -1 -1 
485 19 434 0 173 161 201 -1 -1 -1 -1 
485 19 439 619 155 180 142 -1 -1 -1 -1 
486 19 431 256 163 241 149 -1 -1 -1 -1 
486 19 434 0 174 150 197 -1 -1 -1 -1 
486 19 439 600 156 198 149 -1 -1 -1 -1 
487 19 431 245 165 237 147 -1 -1 -1 -1 
487 19 434 0 176 148 180 -1 -1 -1 -1 
487 19 439 584 158 215 148 -1 -1 -1 -1 
488 19 431 228 168 240 146 -1 -1 -1 -1 
488 19 434 0 174 135 181 -1 -1 -1 -1 
488 19 439 588 159 211 148 -1 -1 -1 -1 
489 19 431 213 171 240 145 -1 -1 -1 -1 
489 19 434 1 174 104 195 -1 -1 -1 -1 
489 19 439 575 158 224 149 -1 -1 -1 -1 
490 19 431 199 172 250 144 -1 -1 -1 -1 
490 19 434 0 174 86 197 -1 -1 -1 -1 
490 19 439 556 157 243 148 -1 -1 -1 -1 
491 19 431 187 171 249 148 -1 -1 -1 -1 
491 19 434 0 174 73 196 -1 -1 -1 -1 
491 19 439 544 157 246 150 -1 -1 -1 -1 
492 19 431 173 168 257 159 -1 -1 -1 -1 
492 19 434 0 126 67 244 -1 -1 -1 -1 
492 19 439 531 155 253 151 -1 -1 -1 -1 
493 19 431 159 167 265 161 -1 -1 -1 -1 
493 19 434 0 176 63 193 -1 -1 -1 -1 
493 19 439 519 155 255 150 -1 -1 -1 -1 
494 19 431 142 166 273 165 -1 -1 -1 -1 
494 19 434 0 183 63 187 -1 -1 -1 -1 
494 19 439 514 156 236 143 -1 -1 -1 -1 
495 19 431 127 167 282 158 -1 -1 -1 -1 
495 19 434 0 184 63 187 -1 -1 -1 -1 
495 19 439 498 159 234 141 -1 -1 -1 -1 
495 19 441 742 151 57 136 -1 -1 -1 -1 
496 19 431 112 168 290 158 -1 -1 -1 -1 
496 19 434 0 183 63 187 -1 -1 -1 -1 
496 19 439 493 159 232 143 -1 -1 -1 -1 
496 19 441 747 161 52 125 -1 -1 -1 -1 
497 19 431 98 170 290 160 -1 -1 -1 -1 
497 19 434 0 186 61 184 -1 -1 -1 -1 
497 19 439 488 159 230 145 -1 -1 -1 -1 
497 19 441 708 166 91 123 -1 -1 -1 -1 
498 19 431 82 170 291 171 -1 -1 -1 -1 
498 19 434 0 127 56 244 -1 -1 -1 -1 
498 19 439 470 159 240 147 -1 -1 -1 -1 
498 19 441 697 167 102 121 -1 -1 -1 -1 
499 19 431 66 169 291 164 -1 -1 -1 -1 
499 19 434 0 120 52 253 -1 -1 -1 -1 
499 19 439 457 157 255 148 -1 -1 -1 -1 
500 19 431 52 170 286 163 -1 -1 -1 -1 
500 19 439 444 157 252 148 -1 -1 -1 -1 
500 19 441 676 159 123 122 -1 -1 -1 -1 
501 19 431 39 170 284 174 -1 -1 -1 -1 
501 19 439 432 157 247 147 -1 -1 -1 -1 
501 19 441 662 158 137 138 -1 -1 -1 -1 
502 19 431 24 168 292 175 -1 -1 -1 -1 
502 19 439 421 157 253 146 -1 -1 -1 -1 
502 19 441 652 157 147 146 -1 -1 -1 -1 
502 19 444 1 287 36 81 -1 -1 -1 -1 
503 19 431 9 169 300 177 -1 -1 -1 -1 
503 19 439 409 158 245 146 -1 -1 -1 -1 
503 19 441 635 157 148 144 -1 -1 -1 -1 
504 19 431 23 169 284 173 -1 -1 -1 -1 
504 19 439 401 153 235 150 -1 -1 -1 -1 
504 19 441 629 157 165 140 -1 -1 -1 -1 
505 19 431 7 171 293 172 -1 -1 -1 -1 
505 19 439 389 154 233 151 -1 -1 -1 -1 
505 19 441 613 158 167 140 -1 -1 -1 -1 
506 19 431 0 175 284 163 -1 -1 -1 -1 
506 19 439 379 164 233 139 -1 -1 -1 -1 
506 19 441 615 160 149 133 -1 -1 -1 -1 
507 19 431 0 176 259 169 -1 -1 -1 -1 
507 19 439 368 161 239 142 -1 -1 -1 -1 
507 19 441 595 163 139 121 -1 -1 -1 -1 
508 19 431 0 180 244 163 -1 -1 -1 -1 
508 19 439 360 161 239 143 -1 -1 -1 -1 
508 19 441 583 167 159 127 -1 -1 -1 -1 
509 19 431 0 181 226 157 -1 -1 -1 -1 
509 19 439 353 160 238 143 -1 -1 -1 -1 
509 19 441 569 165 153 132 -1 -1 -1 -1 
510 19 431 0 181 214 163 -1 -1 -1 -1 
510 19 439 347 160 230 144 -1 -1 -1 -1 
510 19 441 553 166 164 129 -1 -1 -1 -1 
511 19 431 0 182 208 164 -1 -1 -1 -1 
511 19 439 337 160 215 144 -1 -1 -1 -1 
511 19 441 541 166 170 132 -1 -1 -1 -1 
512 19 431 0 181 209 167 -1 -1 -1 -1 
512 19 439 325 160 218 144 -1 -1 -1 -1 
512 19 441 533 168 171 124 -1 -1 -1 -1 
513 19 431 0 179 195 167 -1 -1 -1 -1 
513 19 439 297 163 233 138 -1 -1 -1 -1 
513 19 441 523 166 130 121 -1 -1 -1 -1 
514 19 431 0 179 186 168 -1 -1 -1 -1 
514 19 439 287 164 240 137 -1 -1 -1 -1 
514 19 441 417 163 232 131 -1 -1 -1 -1 
515 19 431 0 178 180 171 -1 -1 -1 -1 
515 19 439 294 164 219 143 -1 -1 -1 -1 
515 19 441 481 158 134 116 -1 -1 -1 -1 
516 19 431 0 178 169 172 -1 -1 -1 -1 
516 19 439 266 160 240 151 -1 -1 -1 -1 
516 19 441 485 158 108 115 -1 -1 -1 -1 
517 19 431 0 179 164 171 -1 -1 -1 -1 
517 19 439 251 158 328 151 -1 -1 -1 -1 
518 19 431 1 179 151 171 -1 -1 -1 -1 
518 19 439 240 158 255 152 -1 -1 -1 -1 
518 19 441 458 155 98 127 -1 -1 -1 -1 
519 19 431 1 184 129 166 -1 -1 -1 -1 
519 19 439 236 158 247 150 -1 -1 -1 -1 
519 19 441 452 156 82 115 -1 -1 -1 -1 
520 19 431 0 184 111 163 -1 -1 -1 -1 
520 19 439 218 158 252 153 -1 -1 -1 -1 
520 19 441 367 157 151 116 -1 -1 -1 -1 
521 19 431 0 185 94 163 -1 -1 -1 -1 
521 19 439 219 159 233 157 -1 -1 -1 -1 
521 19 441 428 159 78 100 -1 -1 -1 -1 
522 19 431 0 129 77 220 -1 -1 -1 -1 
522 19 439 193 159 246 158 -1 -1 -1 -1 
522 19 441 419 164 71 115 -1 -1 -1 -1 
523 19 431 0 124 68 225 -1 -1 -1 -1 
523 19 439 179 163 245 156 -1 -1 -1 -1 
523 19 441 411 168 65 120 -1 -1 -1 -1 
524 19 431 0 181 65 169 -1 -1 -1 -1 
524 19 439 169 165 250 154 -1 -1 -1 -1 
524 19 441 405 169 59 118 -1 -1 -1 -1 
525 19 431 0 183 58 164 -1 -1 -1 -1 
525 19 439 160 166 255 153 -1 -1 -1 -1 
525 19 441 394 171 61 118 -1 -1 -1 -1 
526 19 431 0 184 51 165 -1 -1 -1 -1 
526 19 439 149 165 263 153 -1 -1 -1 -1 
526 19 441 385 172 63 118 -1 -1 -1 -1 
527 19 439 138 166 275 153 -1 -1 -1 -1 
527 19 441 376 174 70 118 -1 -1 -1 -1 
527 19 451 3 186 19 103 -1 -1 -1 -1 
528 19 439 134 169 261 146 -1 -1 -1 -1 
529 19 439 121 173 278 144 -1 -1 -1 -1 
530 19 439 103 174 266 152 -1 -1 -1 -1 
531 19 439 90 174 277 157 -1 -1 -1 -1 
532 19 439 79 174 271 158 -1 -1 -1 -1 
533 19 439 70 174 269 158 -1 -1 -1 -1 
534 19 439 112 174 227 160 -1 -1 -1 -1 
535 19 439 49 171 279 169 -1 -1 -1 -1 
536 19 439 37 169 286 164 -1 -1 -1 -1 
537 19 439 29 171 290 176 -1 -1 -1 -1 
538 19 439 8 169 303 181 -1 -1 -1 -1 
539 19 439 5 169 289 181 -1 -1 -1 -1 
540 19 439 1 169 283 173 -1 -1 -1 -1 
541 19 439 12 178 118 148 -1 -1 -1 -1 
541 19 441 99 174 185 153 -1 -1 -1 -1 
542 19 439 0 187 103 130 -1 -1 -1 -1 
542 19 441 1 173 259 155 -1 -1 -1 -1 
543 19 439 0 191 79 132 -1 -1 -1 -1 
543 19 441 53 177 195 173 -1 -1 -1 -1 
544 19 439 0 193 54 130 -1 -1 -1 -1 
545 19 441 0 174 246 181 -1 -1 -1 -1 
546 19 441 0 177 246 175 -1 -1 -1 -1 
547 19 441 0 177 241 175 -1 -1 -1 -1 
548 19 441 0 178 233 170 -1 -1 -1 -1 
549 19 441 2 179 217 171 -1 -1 -1 -1 
550 19 441 0 182 202 160 -1 -1 -1 -1 
551 19 441 0 182 201 165 -1 -1 -1 -1 
552 19 441 0 182 188 158 -1 -1 -1 -1 
553 19 441 0 182 176 162 -1 -1 -1 -1 
554 19 441 0 181 171 177 -1 -1 -1 -1 
555 19 441 0 179 167 180 -1 -1 -1 -1 
556 19 441 0 178 164 169 -1 -1 -1 -1 
557 19 441 0 180 163 174 -1 -1 -1 -1 
558 19 441 0 178 152 175 -1 -1 -1 -1 
559 19 441 0 179 144 173 -1 -1 -1 -1 
560 19 441 0 180 129 173 -1 -1 -1 -1 
561 19 441 0 180 113 172 -1 -1 -1 -1 
562 17 441 0 181 105 173 -1 -1 -1 -1 
563 19 441 0 182 94 173 -1 -1 -1 -1 
564 19 441 0 181 85 177 -1 -1 -1 -1 
565 19 441 0 180 77 174 -1 -1 -1 -1 
566 19 441 0 180 75 174 -1 -1 -1 -1 
567 19 441 0 180 72 172 -1 -1 -1 -1 
568 19 441 0 182 71 169 -1 -1 -1 -1 
569 17 441 0 190 63 161 -1 -1 -1 -1 
570 17 441 0 182 56 167 -1 -1 -1 -1 
571 17 441 4 160 37 188 -1 -1 -1 -1 
