4 0 1 150 9 103 159 -1 -1 -1 -1 
5 0 1 173 8 82 169 -1 -1 -1 -1 
5 0 2 18 10 158 266 -1 -1 -1 -1 
6 0 1 172 9 77 166 -1 -1 -1 -1 
6 0 2 17 12 145 269 -1 -1 -1 -1 
7 0 1 175 9 79 170 -1 -1 -1 -1 
7 20 2 0 11 198 272 -1 -1 -1 -1 
8 0 1 129 11 116 159 -1 -1 -1 -1 
8 20 2 14 11 173 269 -1 -1 -1 -1 
9 0 1 126 11 119 161 -1 -1 -1 -1 
10 20 2 9 9 222 273 -1 -1 -1 -1 
11 19 2 30 18 166 272 -1 -1 -1 -1 
12 19 2 12 13 202 296 -1 -1 -1 -1 
13 18 2 17 18 183 304 -1 -1 -1 -1 
14 18 2 26 26 155 310 -1 -1 -1 -1 
15 19 2 31 39 121 315 -1 -1 -1 -1 
30 19 7 7 227 183 262 -1 -1 -1 -1 
31 19 7 7 219 215 267 -1 -1 -1 -1 
32 19 7 11 215 255 264 -1 -1 -1 -1 
33 19 7 10 219 301 254 -1 -1 -1 -1 
34 19 7 10 221 337 253 -1 -1 -1 -1 
35 19 7 13 222 365 256 -1 -1 -1 -1 
36 19 7 17 220 393 266 -1 -1 -1 -1 
37 19 7 16 221 421 281 -1 -1 -1 -1 
38 19 7 19 219 444 299 -1 -1 -1 -1 
39 19 7 16 228 469 312 -1 -1 -1 -1 
40 19 7 13 230 487 315 -1 -1 -1 -1 
41 19 7 11 242 512 306 -1 -1 -1 -1 
42 19 7 90 252 440 301 -1 -1 -1 -1 
43 19 7 111 254 441 288 -1 -1 -1 -1 
44 19 7 116 248 454 280 -1 -1 -1 -1 
45 19 7 94 241 500 283 -1 -1 -1 -1 
46 19 7 148 238 470 287 -1 -1 -1 -1 
46 19 11 11 242 192 205 -1 -1 -1 -1 
47 19 7 32 238 612 297 -1 -1 -1 -1 
47 19 11 0 241 265 212 -1 -1 -1 -1 
48 19 7 185 243 475 309 -1 -1 -1 -1 
48 19 11 11 242 290 214 -1 -1 -1 -1 
49 19 7 21 248 668 299 -1 -1 -1 -1 
49 19 11 22 241 295 216 -1 -1 -1 -1 
50 19 7 22 248 694 299 -1 -1 -1 -1 
50 19 13 640 193 48 39 -1 -1 -1 -1 
51 19 7 52 254 689 289 -1 -1 -1 -1 
51 19 13 638 194 47 38 -1 -1 -1 -1 
52 19 7 225 252 530 298 -1 -1 -1 -1 
52 19 13 622 194 48 38 -1 -1 -1 -1 
53 19 7 243 248 528 319 -1 -1 -1 -1 
53 19 13 617 195 46 37 -1 -1 -1 -1 
53 19 14 19 248 253 222 -1 -1 -1 -1 
54 19 7 254 244 537 339 -1 -1 -1 -1 
54 19 14 16 241 264 224 -1 -1 -1 -1 
55 19 7 262 243 552 365 -1 -1 -1 -1 
55 19 14 18 241 269 228 -1 -1 -1 -1 
56 19 7 274 239 566 376 -1 -1 -1 -1 
56 19 14 17 239 279 230 -1 -1 -1 -1 
57 19 7 278 235 571 382 -1 -1 -1 -1 
57 19 14 17 234 283 240 -1 -1 -1 -1 
58 19 7 295 234 587 372 -1 -1 -1 -1 
58 19 14 16 227 298 247 -1 -1 -1 -1 
59 19 7 308 225 584 377 -1 -1 -1 -1 
59 19 14 16 224 305 255 -1 -1 -1 -1 
60 19 7 314 226 603 380 -1 -1 -1 -1 
60 19 14 15 223 320 255 -1 -1 -1 -1 
61 19 7 332 233 607 379 -1 -1 -1 -1 
61 19 14 17 226 361 256 -1 -1 -1 -1 
62 19 7 356 238 618 371 -1 -1 -1 -1 
62 19 14 21 228 362 253 -1 -1 -1 -1 
63 19 7 386 241 605 375 -1 -1 -1 -1 
63 19 14 29 233 383 275 -1 -1 -1 -1 
64 19 7 396 254 618 368 -1 -1 -1 -1 
64 19 14 30 241 393 290 -1 -1 -1 -1 
65 19 7 415 258 626 380 -1 -1 -1 -1 
65 19 14 31 251 404 300 -1 -1 -1 -1 
66 19 7 431 266 622 383 -1 -1 -1 -1 
66 19 14 49 258 407 302 -1 -1 -1 -1 
67 19 7 451 271 628 381 -1 -1 -1 -1 
67 19 14 35 262 439 311 -1 -1 -1 -1 
68 19 7 478 275 627 380 -1 -1 -1 -1 
68 19 14 30 266 464 324 -1 -1 -1 -1 
69 19 7 511 277 611 375 -1 -1 -1 -1 
69 19 14 27 269 499 325 -1 -1 -1 -1 
70 19 7 539 268 612 375 -1 -1 -1 -1 
70 19 14 27 264 530 336 -1 -1 -1 -1 
71 19 7 534 257 643 385 -1 -1 -1 -1 
71 19 14 79 258 506 319 -1 -1 -1 -1 
72 19 7 591 245 615 389 -1 -1 -1 -1 
72 19 14 87 253 532 315 -1 -1 -1 -1 
73 19 7 613 238 630 394 -1 -1 -1 -1 
73 19 14 117 248 542 322 -1 -1 -1 -1 
74 19 7 664 234 597 384 -1 -1 -1 -1 
74 19 14 142 243 551 313 -1 -1 -1 -1 
75 19 7 711 233 555 381 -1 -1 -1 -1 
75 19 14 168 240 557 323 -1 -1 -1 -1 
76 19 7 741 239 524 378 -1 -1 -1 -1 
76 19 14 187 243 570 329 -1 -1 -1 -1 
77 19 7 771 243 494 375 -1 -1 -1 -1 
77 19 14 211 244 581 332 -1 -1 -1 -1 
78 19 7 805 254 460 402 -1 -1 -1 -1 
78 19 14 280 251 542 344 -1 -1 -1 -1 
79 19 7 873 262 396 404 -1 -1 -1 -1 
79 19 14 297 258 581 343 -1 -1 -1 -1 
80 19 7 915 249 352 410 -1 -1 -1 -1 
80 19 14 340 257 577 362 -1 -1 -1 -1 
81 19 7 951 231 314 429 -1 -1 -1 -1 
81 19 14 370 251 588 408 -1 -1 -1 -1 
82 19 7 962 234 305 440 -1 -1 -1 -1 
82 19 14 391 251 617 420 -1 -1 -1 -1 
83 19 7 979 246 287 430 -1 -1 -1 -1 
83 19 14 410 249 637 413 -1 -1 -1 -1 
84 19 7 1032 242 236 437 -1 -1 -1 -1 
84 19 14 470 233 615 435 -1 -1 -1 -1 
85 17 7 1081 239 188 445 -1 -1 -1 -1 
85 19 14 509 240 615 433 -1 -1 -1 -1 
85 19 18 10 242 136 193 -1 -1 -1 -1 
86 19 7 1145 234 120 339 -1 -1 -1 -1 
86 19 14 551 243 617 430 -1 -1 -1 -1 
86 19 18 12 237 156 194 -1 -1 -1 -1 
87 19 7 1194 224 73 308 -1 -1 -1 -1 
87 19 14 576 232 625 436 -1 -1 -1 -1 
87 19 18 11 229 180 203 -1 -1 -1 -1 
88 19 7 1231 221 43 298 -1 -1 -1 -1 
88 19 14 596 210 641 456 -1 -1 -1 -1 
88 19 18 14 225 193 208 -1 -1 -1 -1 
89 19 14 601 206 665 480 -1 -1 -1 -1 
89 19 18 12 230 216 206 -1 -1 -1 -1 
89 19 19 611 175 49 39 -1 -1 -1 -1 
90 19 14 611 208 666 491 -1 -1 -1 -1 
90 19 18 11 235 240 207 -1 -1 -1 -1 
90 19 19 621 179 44 41 -1 -1 -1 -1 
91 19 14 629 205 640 500 -1 -1 -1 -1 
91 19 18 12 243 252 210 -1 -1 -1 -1 
92 19 14 655 199 610 510 -1 -1 -1 -1 
92 19 18 13 250 259 214 -1 -1 -1 -1 
92 19 19 626 186 40 41 -1 -1 -1 -1 
93 19 14 665 211 601 499 -1 -1 -1 -1 
93 19 18 14 258 267 211 -1 -1 -1 -1 
93 19 19 622 197 45 39 -1 -1 -1 -1 
94 19 14 679 220 586 489 -1 -1 -1 -1 
94 19 18 13 259 271 213 -1 -1 -1 -1 
95 19 14 768 221 503 491 -1 -1 -1 -1 
95 19 18 11 254 270 229 -1 -1 -1 -1 
95 18 19 602 199 47 38 -1 -1 -1 -1 
96 19 14 862 229 407 477 -1 -1 -1 -1 
96 19 18 11 253 262 239 -1 -1 -1 -1 
97 19 14 905 248 363 427 -1 -1 -1 -1 
97 19 18 12 255 268 231 -1 -1 -1 -1 
98 19 14 946 252 320 405 -1 -1 -1 -1 
98 19 18 14 245 282 246 -1 -1 -1 -1 
99 19 14 984 239 282 405 -1 -1 -1 -1 
99 19 18 12 237 288 256 -1 -1 -1 -1 
100 19 14 995 239 271 387 -1 -1 -1 -1 
100 19 18 14 236 289 263 -1 -1 -1 -1 
101 19 14 1014 236 257 386 -1 -1 -1 -1 
101 19 18 10 236 302 269 -1 -1 -1 -1 
102 19 14 1056 234 216 367 -1 -1 -1 -1 
102 19 18 12 239 320 254 -1 -1 -1 -1 
103 19 14 1106 234 164 352 -1 -1 -1 -1 
103 19 18 12 240 340 257 -1 -1 -1 -1 
104 19 14 1145 254 123 309 -1 -1 -1 -1 
104 19 18 15 241 352 261 -1 -1 -1 -1 
105 19 14 1176 252 89 293 -1 -1 -1 -1 
105 19 18 16 242 374 259 -1 -1 -1 -1 
106 19 14 1208 254 65 280 -1 -1 -1 -1 
107 19 18 18 241 423 269 -1 -1 -1 -1 
108 19 18 23 256 446 264 -1 -1 -1 -1 
109 19 18 54 260 449 271 -1 -1 -1 -1 
109 19 19 547 198 47 35 -1 -1 -1 -1 
110 19 18 83 255 452 272 -1 -1 -1 -1 
110 19 19 546 194 54 36 -1 -1 -1 -1 
111 19 18 97 249 466 292 -1 -1 -1 -1 
111 19 19 554 189 48 37 -1 -1 -1 -1 
112 19 18 123 247 469 321 -1 -1 -1 -1 
112 19 19 556 189 46 36 -1 -1 -1 -1 
112 19 20 10 216 82 246 -1 -1 -1 -1 
113 19 18 141 244 482 342 -1 -1 -1 -1 
113 19 19 555 189 45 36 -1 -1 -1 -1 
114 19 18 177 248 489 344 -1 -1 -1 -1 
114 19 20 9 225 139 266 -1 -1 -1 -1 
115 19 7 16 261 143 216 -1 -1 -1 -1 
115 19 18 196 250 511 341 -1 -1 -1 -1 
116 19 7 15 217 175 294 -1 -1 -1 -1 
116 19 18 202 257 541 338 -1 -1 -1 -1 
117 19 7 15 220 167 287 -1 -1 -1 -1 
117 19 18 219 256 559 337 -1 -1 -1 -1 
118 19 7 3 261 199 243 -1 -1 -1 -1 
118 19 18 228 257 613 339 -1 -1 -1 -1 
119 17 7 9 269 191 240 -1 -1 -1 -1 
119 19 18 238 261 644 333 -1 -1 -1 -1 
119 19 19 559 185 51 35 -1 -1 -1 -1 
120 19 7 15 272 181 239 -1 -1 -1 -1 
120 19 18 259 266 655 333 -1 -1 -1 -1 
120 19 19 556 186 55 34 -1 -1 -1 -1 
121 19 7 15 236 183 281 -1 -1 -1 -1 
121 19 18 266 267 694 340 -1 -1 -1 -1 
122 19 7 13 222 192 285 -1 -1 -1 -1 
122 19 18 281 263 724 357 -1 -1 -1 -1 
123 19 7 14 227 195 270 -1 -1 -1 -1 
123 19 18 307 266 754 398 -1 -1 -1 -1 
123 19 19 552 181 57 38 -1 -1 -1 -1 
124 19 7 17 219 194 279 -1 -1 -1 -1 
124 19 18 344 271 759 415 -1 -1 -1 -1 
124 19 19 552 182 55 37 -1 -1 -1 -1 
125 19 7 18 225 188 272 -1 -1 -1 -1 
125 19 18 410 281 757 415 -1 -1 -1 -1 
125 19 19 554 181 50 37 -1 -1 -1 -1 
126 19 7 19 218 169 207 -1 -1 -1 -1 
126 19 18 456 286 775 416 -1 -1 -1 -1 
127 19 7 18 220 157 199 -1 -1 -1 -1 
127 19 18 509 285 754 421 -1 -1 -1 -1 
128 19 7 15 217 167 204 -1 -1 -1 -1 
128 19 18 471 289 808 417 -1 -1 -1 -1 
129 19 7 14 213 179 211 -1 -1 -1 -1 
129 19 18 542 292 726 415 -1 -1 -1 -1 
130 19 7 15 210 188 217 -1 -1 -1 -1 
130 19 18 568 293 696 410 -1 -1 -1 -1 
130 19 27 11 260 105 278 -1 -1 -1 -1 
131 19 7 15 211 193 215 -1 -1 -1 -1 
131 19 18 627 286 638 417 -1 -1 -1 -1 
131 19 27 12 255 97 289 -1 -1 -1 -1 
132 19 7 19 211 199 213 -1 -1 -1 -1 
132 19 18 705 284 563 422 -1 -1 -1 -1 
132 19 27 16 259 84 293 -1 -1 -1 -1 
133 19 7 15 210 208 212 -1 -1 -1 -1 
133 19 18 824 274 448 433 -1 -1 -1 -1 
133 19 27 13 262 84 303 -1 -1 -1 -1 
134 19 7 14 206 214 207 -1 -1 -1 -1 
134 19 18 868 275 400 432 -1 -1 -1 -1 
134 19 27 10 269 85 282 -1 -1 -1 -1 
135 19 7 14 203 223 202 -1 -1 -1 -1 
135 19 18 953 277 315 427 -1 -1 -1 -1 
135 19 27 10 268 84 281 -1 -1 -1 -1 
136 19 7 13 201 252 205 -1 -1 -1 -1 
136 19 18 1008 297 265 390 -1 -1 -1 -1 
136 19 27 8 265 88 256 -1 -1 -1 -1 
137 19 7 14 199 254 230 -1 -1 -1 -1 
137 19 18 1063 300 210 391 -1 -1 -1 -1 
137 19 27 8 276 90 243 -1 -1 -1 -1 
138 19 7 13 197 255 232 -1 -1 -1 -1 
138 19 18 1114 302 165 391 -1 -1 -1 -1 
139 19 7 12 199 260 215 -1 -1 -1 -1 
139 19 27 6 284 133 283 -1 -1 -1 -1 
140 19 7 14 207 260 215 -1 -1 -1 -1 
140 19 27 10 304 154 270 -1 -1 -1 -1 
141 19 7 12 208 270 224 -1 -1 -1 -1 
141 19 27 4 292 198 282 -1 -1 -1 -1 
142 19 7 14 204 278 223 -1 -1 -1 -1 
142 19 27 5 292 237 305 -1 -1 -1 -1 
143 19 7 0 210 324 131 -1 -1 -1 -1 
143 19 19 539 190 50 38 -1 -1 -1 -1 
143 19 27 11 284 270 331 -1 -1 -1 -1 
144 19 7 8 214 310 121 -1 -1 -1 -1 
144 19 19 529 189 61 39 -1 -1 -1 -1 
144 19 27 11 297 300 342 -1 -1 -1 -1 
145 19 7 19 221 315 128 -1 -1 -1 -1 
145 19 19 539 191 54 38 -1 -1 -1 -1 
145 19 27 12 299 331 351 -1 -1 -1 -1 
146 19 7 16 227 331 128 -1 -1 -1 -1 
146 19 19 540 193 54 37 -1 -1 -1 -1 
146 19 27 15 306 364 350 -1 -1 -1 -1 
147 19 7 16 225 336 113 -1 -1 -1 -1 
147 19 19 541 194 52 37 -1 -1 -1 -1 
147 19 27 14 310 399 355 -1 -1 -1 -1 
148 19 7 18 225 338 112 -1 -1 -1 -1 
148 19 19 541 194 49 35 -1 -1 -1 -1 
148 19 27 13 309 436 357 -1 -1 -1 -1 
149 19 7 21 225 343 108 -1 -1 -1 -1 
149 19 19 541 194 53 35 -1 -1 -1 -1 
149 19 27 17 306 467 372 -1 -1 -1 -1 
150 19 7 26 226 337 104 -1 -1 -1 -1 
150 19 19 544 195 50 34 -1 -1 -1 -1 
150 19 27 24 302 508 362 -1 -1 -1 -1 
151 19 7 24 230 347 116 -1 -1 -1 -1 
151 19 18 37 303 535 351 -1 -1 -1 -1 
151 19 19 544 195 50 34 -1 -1 -1 -1 
152 19 7 26 232 339 150 -1 -1 -1 -1 
152 19 18 30 300 587 344 -1 -1 -1 -1 
152 19 19 538 194 55 35 -1 -1 -1 -1 
153 19 7 31 236 342 226 -1 -1 -1 -1 
153 19 18 36 305 634 354 -1 -1 -1 -1 
153 19 19 538 195 53 35 -1 -1 -1 -1 
154 19 7 38 240 347 231 -1 -1 -1 -1 
154 19 18 48 308 678 377 -1 -1 -1 -1 
154 19 19 535 193 56 36 -1 -1 -1 -1 
155 19 7 39 244 355 225 -1 -1 -1 -1 
155 19 18 55 302 718 398 -1 -1 -1 -1 
155 19 19 536 192 54 36 -1 -1 -1 -1 
156 19 7 20 265 393 223 -1 -1 -1 -1 
156 19 18 85 302 740 400 -1 -1 -1 -1 
156 19 19 535 192 55 37 -1 -1 -1 -1 
157 19 7 31 300 398 207 -1 -1 -1 -1 
157 19 18 125 303 758 400 -1 -1 -1 -1 
157 19 19 540 195 50 34 -1 -1 -1 -1 
157 19 30 49 243 370 133 -1 -1 -1 -1 
158 19 7 56 241 376 277 -1 -1 -1 -1 
158 19 18 155 312 786 390 -1 -1 -1 -1 
158 19 19 537 189 49 37 -1 -1 -1 -1 
159 19 7 60 238 390 291 -1 -1 -1 -1 
159 19 18 297 310 685 394 -1 -1 -1 -1 
159 19 19 532 184 53 38 -1 -1 -1 -1 
160 19 7 60 240 406 293 -1 -1 -1 -1 
160 19 18 367 299 657 394 -1 -1 -1 -1 
161 19 7 74 243 410 301 -1 -1 -1 -1 
161 19 18 439 291 633 368 -1 -1 -1 -1 
162 19 7 83 246 435 289 -1 -1 -1 -1 
162 19 18 454 287 677 409 -1 -1 -1 -1 
163 19 7 87 248 452 312 -1 -1 -1 -1 
163 19 18 481 287 713 419 -1 -1 -1 -1 
164 19 7 89 245 470 292 -1 -1 -1 -1 
164 19 18 501 286 747 422 -1 -1 -1 -1 
165 19 7 112 241 484 308 -1 -1 -1 -1 
165 19 18 578 287 686 421 -1 -1 -1 -1 
166 19 7 123 240 503 322 -1 -1 -1 -1 
166 19 18 610 286 658 421 -1 -1 -1 -1 
166 19 19 543 185 51 35 -1 -1 -1 -1 
167 19 7 134 241 524 337 -1 -1 -1 -1 
167 19 18 691 281 579 425 -1 -1 -1 -1 
168 19 7 158 245 531 355 -1 -1 -1 -1 
168 19 18 754 295 514 407 -1 -1 -1 -1 
169 19 7 177 248 559 357 -1 -1 -1 -1 
169 19 18 812 305 455 394 -1 -1 -1 -1 
170 19 7 196 248 601 361 -1 -1 -1 -1 
170 19 18 916 293 357 394 -1 -1 -1 -1 
171 19 7 232 243 586 364 -1 -1 -1 -1 
171 19 18 1000 289 266 369 -1 -1 -1 -1 
172 19 7 238 248 610 358 -1 -1 -1 -1 
172 19 18 1053 283 219 325 -1 -1 -1 -1 
173 19 7 265 246 630 360 -1 -1 -1 -1 
173 19 18 1109 279 159 302 -1 -1 -1 -1 
174 19 7 290 246 648 374 -1 -1 -1 -1 
175 19 7 302 259 685 373 -1 -1 -1 -1 
176 19 7 323 254 714 376 -1 -1 -1 -1 
177 19 7 327 259 756 372 -1 -1 -1 -1 
178 19 7 353 260 801 377 -1 -1 -1 -1 
179 19 7 367 260 820 416 -1 -1 -1 -1 
180 19 7 401 258 837 420 -1 -1 -1 -1 
181 19 7 447 259 822 434 -1 -1 -1 -1 
182 19 7 498 260 778 435 -1 -1 -1 -1 
183 19 7 581 263 683 430 -1 -1 -1 -1 
184 19 7 636 265 630 430 -1 -1 -1 -1 
185 19 7 664 265 606 431 -1 -1 -1 -1 
185 19 32 2 280 146 274 -1 -1 -1 -1 
186 19 7 742 262 522 438 -1 -1 -1 -1 
186 19 32 0 276 160 300 -1 -1 -1 -1 
187 19 7 853 263 417 443 -1 -1 -1 -1 
187 19 33 10 286 193 266 -1 -1 -1 -1 
188 19 7 942 265 332 442 -1 -1 -1 -1 
188 19 33 10 282 222 265 -1 -1 -1 -1 
189 19 7 1006 264 263 442 -1 -1 -1 -1 
189 19 33 7 283 253 279 -1 -1 -1 -1 
190 19 7 1064 265 210 446 -1 -1 -1 -1 
190 19 19 536 179 61 37 -1 -1 -1 -1 
191 18 19 533 175 63 41 -1 -1 -1 -1 
191 16 33 14 279 303 294 -1 -1 -1 -1 
192 19 19 546 180 52 37 -1 -1 -1 -1 
192 19 33 11 281 343 307 -1 -1 -1 -1 
193 19 18 15 283 373 305 -1 -1 -1 -1 
193 19 19 548 180 50 37 -1 -1 -1 -1 
194 16 18 19 284 396 308 -1 -1 -1 -1 
195 19 18 15 288 447 307 -1 -1 -1 -1 
195 19 19 529 175 68 40 -1 -1 -1 -1 
196 19 18 18 283 479 313 -1 -1 -1 -1 
196 19 19 529 175 72 40 -1 -1 -1 -1 
197 19 18 18 278 516 311 -1 -1 -1 -1 
197 19 19 527 175 74 40 -1 -1 -1 -1 
198 19 18 18 272 553 309 -1 -1 -1 -1 
198 19 19 551 180 55 38 -1 -1 -1 -1 
199 19 18 23 277 585 310 -1 -1 -1 -1 
199 19 19 550 181 57 37 -1 -1 -1 -1 
200 19 18 22 278 630 310 -1 -1 -1 -1 
200 19 19 551 180 53 37 -1 -1 -1 -1 
201 19 18 40 278 646 311 -1 -1 -1 -1 
201 19 19 551 179 53 39 -1 -1 -1 -1 
202 19 18 75 273 655 329 -1 -1 -1 -1 
202 19 19 552 179 53 40 -1 -1 -1 -1 
203 19 18 97 271 680 327 -1 -1 -1 -1 
203 19 19 550 179 55 40 -1 -1 -1 -1 
203 19 40 7 264 185 223 -1 -1 -1 -1 
204 19 18 162 271 659 340 -1 -1 -1 -1 
204 19 19 552 184 53 35 -1 -1 -1 -1 
204 19 40 12 262 241 257 -1 -1 -1 -1 
205 19 18 187 274 690 381 -1 -1 -1 -1 
205 19 19 549 186 56 34 -1 -1 -1 -1 
205 19 40 16 256 251 273 -1 -1 -1 -1 
206 19 18 225 274 680 388 -1 -1 -1 -1 
206 19 19 550 186 54 35 -1 -1 -1 -1 
206 19 40 12 251 289 291 -1 -1 -1 -1 
207 19 18 264 275 688 411 -1 -1 -1 -1 
207 19 19 550 186 55 36 -1 -1 -1 -1 
208 19 18 275 274 725 421 -1 -1 -1 -1 
208 19 40 14 238 335 296 -1 -1 -1 -1 
209 19 18 336 276 709 420 -1 -1 -1 -1 
209 19 19 532 184 64 36 -1 -1 -1 -1 
209 19 40 17 241 359 286 -1 -1 -1 -1 
210 19 18 391 277 719 414 -1 -1 -1 -1 
210 19 19 543 186 52 37 -1 -1 -1 -1 
210 19 40 14 239 386 294 -1 -1 -1 -1 
211 19 18 413 282 736 410 -1 -1 -1 -1 
211 19 19 542 187 52 37 -1 -1 -1 -1 
211 19 40 17 243 412 284 -1 -1 -1 -1 
212 19 18 455 279 742 415 -1 -1 -1 -1 
212 19 19 529 184 62 40 -1 -1 -1 -1 
212 19 40 31 248 427 302 -1 -1 -1 -1 
213 19 18 488 277 752 409 -1 -1 -1 -1 
213 19 19 532 186 58 40 -1 -1 -1 -1 
213 19 40 47 245 438 307 -1 -1 -1 -1 
214 19 18 547 276 711 414 -1 -1 -1 -1 
214 19 19 531 186 57 39 -1 -1 -1 -1 
214 19 40 63 245 455 313 -1 -1 -1 -1 
215 19 18 589 278 673 411 -1 -1 -1 -1 
215 19 19 531 187 59 38 -1 -1 -1 -1 
215 19 40 84 245 479 333 -1 -1 -1 -1 
216 19 18 638 279 622 416 -1 -1 -1 -1 
216 19 19 537 188 52 37 -1 -1 -1 -1 
216 19 40 107 255 495 356 -1 -1 -1 -1 
217 19 18 608 272 656 421 -1 -1 -1 -1 
217 19 19 531 188 59 38 -1 -1 -1 -1 
217 19 40 133 259 517 370 -1 -1 -1 -1 
218 19 18 670 255 592 440 -1 -1 -1 -1 
218 19 19 529 189 61 38 -1 -1 -1 -1 
219 19 18 699 252 568 441 -1 -1 -1 -1 
219 19 19 526 189 60 38 -1 -1 -1 -1 
219 19 40 186 276 557 381 -1 -1 -1 -1 
220 17 18 786 244 479 448 -1 -1 -1 -1 
220 19 19 525 189 62 38 -1 -1 -1 -1 
220 19 40 213 285 587 404 -1 -1 -1 -1 
221 17 18 825 252 444 441 -1 -1 -1 -1 
221 19 19 524 190 62 37 -1 -1 -1 -1 
221 19 40 238 296 622 399 -1 -1 -1 -1 
222 19 18 895 271 371 389 -1 -1 -1 -1 
222 19 40 248 297 688 400 -1 -1 -1 -1 
223 19 18 956 268 311 385 -1 -1 -1 -1 
223 19 40 268 297 717 399 -1 -1 -1 -1 
223 19 42 12 295 150 217 -1 -1 -1 -1 
224 19 18 1006 262 261 396 -1 -1 -1 -1 
224 19 40 304 294 726 411 -1 -1 -1 -1 
224 19 42 9 294 177 219 -1 -1 -1 -1 
225 19 18 1051 260 216 387 -1 -1 -1 -1 
225 19 19 522 190 60 37 -1 -1 -1 -1 
225 19 40 360 292 764 408 -1 -1 -1 -1 
225 19 42 12 295 198 240 -1 -1 -1 -1 
226 19 18 1104 246 166 344 -1 -1 -1 -1 
226 19 19 526 191 54 35 -1 -1 -1 -1 
226 19 40 418 293 780 383 -1 -1 -1 -1 
226 19 42 12 293 217 249 -1 -1 -1 -1 
227 19 18 1148 244 131 337 -1 -1 -1 -1 
227 19 19 527 191 53 35 -1 -1 -1 -1 
227 19 40 531 288 708 392 -1 -1 -1 -1 
228 19 19 529 191 52 34 -1 -1 -1 -1 
228 19 40 531 284 728 382 -1 -1 -1 -1 
228 19 42 10 295 268 243 -1 -1 -1 -1 
229 19 19 533 192 47 33 -1 -1 -1 -1 
229 19 40 555 277 705 392 -1 -1 -1 -1 
229 19 42 12 294 290 239 -1 -1 -1 -1 
230 19 19 535 192 46 33 -1 -1 -1 -1 
230 19 40 609 276 660 389 -1 -1 -1 -1 
230 19 42 11 291 314 242 -1 -1 -1 -1 
231 19 19 535 192 46 34 -1 -1 -1 -1 
231 19 40 598 272 676 379 -1 -1 -1 -1 
232 19 19 523 188 59 37 -1 -1 -1 -1 
232 19 40 622 271 657 381 -1 -1 -1 -1 
233 19 19 521 188 60 38 -1 -1 -1 -1 
233 19 40 764 275 499 408 -1 -1 -1 -1 
233 19 42 17 289 377 272 -1 -1 -1 -1 
234 19 19 522 188 59 37 -1 -1 -1 -1 
234 19 40 777 289 501 363 -1 -1 -1 -1 
234 19 42 15 285 406 277 -1 -1 -1 -1 
235 19 19 520 187 65 38 -1 -1 -1 -1 
235 19 40 853 288 412 378 -1 -1 -1 -1 
235 19 42 16 280 431 288 -1 -1 -1 -1 
236 19 19 527 187 57 38 -1 -1 -1 -1 
236 19 40 976 274 289 388 -1 -1 -1 -1 
236 19 42 17 280 451 302 -1 -1 -1 -1 
237 19 19 527 188 61 38 -1 -1 -1 -1 
237 0 40 1073 268 198 340 -1 -1 -1 -1 
237 19 42 15 279 483 311 -1 -1 -1 -1 
238 19 19 532 185 58 38 -1 -1 -1 -1 
238 0 40 1127 266 152 337 -1 -1 -1 -1 
239 19 19 535 183 60 39 -1 -1 -1 -1 
239 19 42 67 280 495 310 -1 -1 -1 -1 
240 19 19 542 183 59 39 -1 -1 -1 -1 
240 19 42 96 278 499 308 -1 -1 -1 -1 
241 19 19 548 179 59 39 -1 -1 -1 -1 
241 19 42 125 274 506 305 -1 -1 -1 -1 
242 19 19 561 176 54 40 -1 -1 -1 -1 
242 19 42 160 270 519 312 -1 -1 -1 -1 
243 19 19 564 178 61 39 -1 -1 -1 -1 
243 19 42 193 271 530 327 -1 -1 -1 -1 
244 19 19 575 181 52 39 -1 -1 -1 -1 
244 19 42 229 276 540 350 -1 -1 -1 -1 
244 19 44 7 257 171 249 -1 -1 -1 -1 
245 19 19 579 181 51 38 -1 -1 -1 -1 
245 19 42 272 283 565 353 -1 -1 -1 -1 
246 19 19 594 183 55 38 -1 -1 -1 -1 
246 19 42 305 280 577 352 -1 -1 -1 -1 
246 19 44 8 254 243 241 -1 -1 -1 -1 
247 19 19 595 182 60 37 -1 -1 -1 -1 
247 19 42 320 274 616 362 -1 -1 -1 -1 
247 19 44 9 251 266 247 -1 -1 -1 -1 
248 19 19 604 183 56 37 -1 -1 -1 -1 
248 19 42 346 274 640 365 -1 -1 -1 -1 
248 19 44 10 254 291 246 -1 -1 -1 -1 
249 19 19 608 182 58 38 -1 -1 -1 -1 
249 19 42 355 272 692 384 -1 -1 -1 -1 
250 19 18 16 263 343 239 -1 -1 -1 -1 
250 19 42 392 273 712 381 -1 -1 -1 -1 
251 19 18 16 266 370 235 -1 -1 -1 -1 
251 19 42 451 278 710 364 -1 -1 -1 -1 
252 19 18 26 268 371 230 -1 -1 -1 -1 
252 19 19 638 192 53 38 -1 -1 -1 -1 
252 19 42 507 286 707 404 -1 -1 -1 -1 
253 19 19 644 192 54 39 -1 -1 -1 -1 
253 19 40 545 291 708 356 -1 -1 -1 -1 
254 19 19 653 194 58 39 -1 -1 -1 -1 
254 19 40 587 297 674 355 -1 -1 -1 -1 
254 19 44 89 264 367 237 -1 -1 -1 -1 
255 19 19 665 200 51 37 -1 -1 -1 -1 
255 19 40 632 294 632 395 -1 -1 -1 -1 
255 19 44 113 261 372 251 -1 -1 -1 -1 
256 19 18 130 258 380 259 -1 -1 -1 -1 
256 19 19 672 202 51 36 -1 -1 -1 -1 
257 19 18 148 255 380 269 -1 -1 -1 -1 
257 19 19 671 200 56 36 -1 -1 -1 -1 
257 19 40 692 303 572 393 -1 -1 -1 -1 
258 19 18 186 266 372 261 -1 -1 -1 -1 
258 19 19 680 204 51 35 -1 -1 -1 -1 
258 19 40 710 300 557 402 -1 -1 -1 -1 
259 19 18 213 268 370 260 -1 -1 -1 -1 
259 19 19 680 205 55 35 -1 -1 -1 -1 
259 17 40 783 294 479 407 -1 -1 -1 -1 
259 19 42 730 294 535 391 -1 -1 -1 -1 
260 19 18 240 271 370 255 -1 -1 -1 -1 
260 19 19 686 206 55 36 -1 -1 -1 -1 
261 19 18 258 272 379 256 -1 -1 -1 -1 
261 19 19 689 204 56 37 -1 -1 -1 -1 
261 19 40 900 308 366 393 -1 -1 -1 -1 
262 19 18 278 273 388 260 -1 -1 -1 -1 
262 19 19 694 206 52 36 -1 -1 -1 -1 
262 19 40 946 318 322 390 -1 -1 -1 -1 
263 19 18 300 273 395 266 -1 -1 -1 -1 
263 19 19 700 207 51 36 -1 -1 -1 -1 
264 19 18 318 277 402 271 -1 -1 -1 -1 
264 19 19 696 209 49 35 -1 -1 -1 -1 
264 20 40 1053 325 224 385 -1 -1 -1 -1 
264 19 46 16 271 102 219 -1 -1 -1 -1 
265 19 18 337 283 423 265 -1 -1 -1 -1 
265 19 19 698 210 49 34 -1 -1 -1 -1 
265 19 40 1103 328 172 384 -1 -1 -1 -1 
265 19 46 8 269 131 217 -1 -1 -1 -1 
266 19 18 355 280 438 276 -1 -1 -1 -1 
266 19 19 696 206 51 37 -1 -1 -1 -1 
266 19 40 1150 318 129 260 -1 -1 -1 -1 
266 19 46 9 273 149 213 -1 -1 -1 -1 
267 19 18 365 282 469 307 -1 -1 -1 -1 
267 19 19 694 206 53 38 -1 -1 -1 -1 
267 19 40 1179 320 100 246 -1 -1 -1 -1 
268 19 18 379 287 503 340 -1 -1 -1 -1 
268 19 19 697 207 53 37 -1 -1 -1 -1 
269 19 18 397 290 535 363 -1 -1 -1 -1 
269 19 46 9 274 210 222 -1 -1 -1 -1 
270 19 18 417 289 575 366 -1 -1 -1 -1 
270 19 46 10 274 225 216 -1 -1 -1 -1 
271 19 18 418 288 594 367 -1 -1 -1 -1 
271 19 46 14 271 238 221 -1 -1 -1 -1 
272 19 18 439 297 625 360 -1 -1 -1 -1 
272 19 46 12 268 264 221 -1 -1 -1 -1 
273 19 18 448 302 678 376 -1 -1 -1 -1 
273 19 46 11 269 291 225 -1 -1 -1 -1 
274 19 18 494 299 692 383 -1 -1 -1 -1 
274 19 46 9 270 310 223 -1 -1 -1 -1 
275 19 18 490 295 750 378 -1 -1 -1 -1 
275 19 46 11 272 329 224 -1 -1 -1 -1 
276 19 18 494 295 781 382 -1 -1 -1 -1 
276 19 46 18 277 337 216 -1 -1 -1 -1 
277 19 18 504 306 769 374 -1 -1 -1 -1 
277 19 46 29 277 342 219 -1 -1 -1 -1 
278 19 18 547 305 724 372 -1 -1 -1 -1 
278 19 46 54 275 334 223 -1 -1 -1 -1 
279 19 18 588 308 677 371 -1 -1 -1 -1 
279 19 46 67 274 340 227 -1 -1 -1 -1 
280 19 18 649 313 613 377 -1 -1 -1 -1 
280 19 19 682 212 63 37 -1 -1 -1 -1 
280 19 46 90 273 342 253 -1 -1 -1 -1 
281 19 18 725 320 541 381 -1 -1 -1 -1 
281 19 19 682 213 63 36 -1 -1 -1 -1 
281 19 46 103 275 346 258 -1 -1 -1 -1 
282 19 18 771 319 498 383 -1 -1 -1 -1 
282 19 46 123 274 344 259 -1 -1 -1 -1 
282 19 47 19 236 42 131 -1 -1 -1 -1 
283 19 18 788 319 490 385 -1 -1 -1 -1 
283 19 19 686 211 57 37 -1 -1 -1 -1 
283 19 46 143 276 349 258 -1 -1 -1 -1 
284 19 18 818 321 461 388 -1 -1 -1 -1 
284 19 19 686 211 58 37 -1 -1 -1 -1 
284 19 46 160 275 352 259 -1 -1 -1 -1 
285 19 19 684 210 61 39 -1 -1 -1 -1 
285 19 46 179 275 363 260 -1 -1 -1 -1 
286 19 19 684 210 61 39 -1 -1 -1 -1 
286 19 46 194 272 374 261 -1 -1 -1 -1 
287 19 19 684 211 61 38 -1 -1 -1 -1 
288 19 46 235 278 392 267 -1 -1 -1 -1 
289 19 46 250 282 407 271 -1 -1 -1 -1 
290 19 19 694 216 53 35 -1 -1 -1 -1 
290 19 46 271 282 421 313 -1 -1 -1 -1 
291 19 19 695 217 52 34 -1 -1 -1 -1 
291 19 46 286 279 444 338 -1 -1 -1 -1 
292 19 46 307 277 461 354 -1 -1 -1 -1 
293 19 46 330 284 478 367 -1 -1 -1 -1 
294 19 46 355 284 494 370 -1 -1 -1 -1 
295 19 46 379 286 520 367 -1 -1 -1 -1 
296 19 46 400 291 593 364 -1 -1 -1 -1 
297 19 46 423 294 584 362 -1 -1 -1 -1 
298 19 46 452 302 617 355 -1 -1 -1 -1 
299 19 46 479 305 634 376 -1 -1 -1 -1 
300 19 46 509 310 664 395 -1 -1 -1 -1 
301 19 46 546 312 686 390 -1 -1 -1 -1 
302 19 18 576 316 686 391 -1 -1 -1 -1 
302 19 46 564 315 708 396 -1 -1 -1 -1 
